2025-04-28T17:13:48.258989 - Final transform:
[[-0.89 -0.02 -0.46  0.16]
 [ 0.24 -0.87 -0.43 -0.22]
 [-0.39 -0.49  0.78  1.11]
 [ 0.    0.    0.    1.  ]]
2025-04-28T17:13:48.258989 - Pose:
tensor([[[-0.8867, -0.0183, -0.4621,  0.0901],
         [ 0.2411, -0.8709, -0.4282, -0.1895],
         [-0.3946, -0.4911,  0.7766,  1.0813],
         [ 0.0000,  0.0000,  0.0000,  1.0000]]])
2025-04-28T17:13:48.339092 - Final transform:
[[-0.95 -0.01 -0.32  0.17]
 [ 0.16 -0.88 -0.46 -0.21]
 [-0.27 -0.48  0.83  1.1 ]
 [ 0.    0.    0.    1.  ]]
2025-04-28T17:13:48.339092 - Pose:
tensor([[[-0.9486, -0.0072, -0.3163,  0.0894],
         [ 0.1586, -0.8758, -0.4558, -0.1906],
         [-0.2737, -0.4826,  0.8320,  1.0804],
         [ 0.0000,  0.0000,  0.0000,  1.0000]]])
2025-04-28T17:13:48.413769 - Final transform:
[[-0.95 -0.   -0.31  0.17]
 [ 0.15 -0.88 -0.45 -0.21]
 [-0.27 -0.47  0.84  1.1 ]
 [ 0.    0.    0.    1.  ]]
2025-04-28T17:13:48.413769 - Pose:
tensor([[[-0.9497, -0.0038, -0.3130,  0.0896],
         [ 0.1510, -0.8814, -0.4475, -0.1902],
         [-0.2742, -0.4723,  0.8377,  1.0798],
         [ 0.0000,  0.0000,  0.0000,  1.0000]]])
2025-04-28T17:13:48.485773 - Final transform:
[[-0.97 -0.01 -0.24  0.17]
 [ 0.12 -0.88 -0.46 -0.21]
 [-0.21 -0.47  0.86  1.09]
 [ 0.    0.    0.    1.  ]]
2025-04-28T17:13:48.485773 - Pose:
tensor([[[-0.9706, -0.0061, -0.2408,  0.0892],
         [ 0.1193, -0.8806, -0.4586, -0.1910],
         [-0.2092, -0.4738,  0.8554,  1.0796],
         [ 0.0000,  0.0000,  0.0000,  1.0000]]])
2025-04-28T17:13:48.561193 - Final transform:
[[-0.99 -0.02 -0.15  0.17]
 [ 0.08 -0.89 -0.45 -0.21]
 [-0.13 -0.46  0.88  1.09]
 [ 0.    0.    0.    1.  ]]
2025-04-28T17:13:48.561193 - Pose:
tensor([[[-0.9879, -0.0151, -0.1542,  0.0893],
         [ 0.0845, -0.8870, -0.4540, -0.1917],
         [-0.1299, -0.4616,  0.8775,  1.0816],
         [ 0.0000,  0.0000,  0.0000,  1.0000]]])
2025-04-28T17:13:48.631554 - Final transform:
[[-0.99 -0.01 -0.14  0.17]
 [ 0.08 -0.88 -0.47 -0.21]
 [-0.12 -0.48  0.87  1.08]
 [ 0.    0.    0.    1.  ]]
2025-04-28T17:13:48.631554 - Pose:
tensor([[[-0.9903, -0.0101, -0.1388,  0.0891],
         [ 0.0754, -0.8770, -0.4746, -0.1917],
         [-0.1169, -0.4804,  0.8692,  1.0802],
         [ 0.0000,  0.0000,  0.0000,  1.0000]]])
2025-04-28T17:13:48.702530 - Final transform:
[[-0.98 -0.01 -0.2   0.17]
 [ 0.1  -0.88 -0.47 -0.21]
 [-0.17 -0.48  0.86  1.08]
 [ 0.    0.    0.    1.  ]]
2025-04-28T17:13:48.702530 - Pose:
tensor([[[-0.9808, -0.0084, -0.1951,  0.0889],
         [ 0.1013, -0.8759, -0.4717, -0.1933],
         [-0.1669, -0.4824,  0.8599,  1.0754],
         [ 0.0000,  0.0000,  0.0000,  1.0000]]])
2025-04-28T17:13:48.766426 - Final transform:
[[-0.99 -0.01 -0.14  0.17]
 [ 0.07 -0.89 -0.45 -0.21]
 [-0.12 -0.45  0.88  1.08]
 [ 0.    0.    0.    1.  ]]
2025-04-28T17:13:48.766426 - Pose:
tensor([[[-0.9905, -0.0069, -0.1373,  0.0892],
         [ 0.0685, -0.8908, -0.4493, -0.1923],
         [-0.1192, -0.4544,  0.8828,  1.0802],
         [ 0.0000,  0.0000,  0.0000,  1.0000]]])
2025-04-28T17:13:48.834058 - Final transform:
[[-0.98 -0.01 -0.19  0.17]
 [ 0.1  -0.89 -0.45 -0.21]
 [-0.16 -0.46  0.87  1.09]
 [ 0.    0.    0.    1.  ]]
2025-04-28T17:13:48.834058 - Pose:
tensor([[[-0.9821, -0.0099, -0.1881,  0.0895],
         [ 0.0951, -0.8879, -0.4501, -0.1928],
         [-0.1626, -0.4600,  0.8729,  1.0780],
         [ 0.0000,  0.0000,  0.0000,  1.0000]]])
2025-04-28T17:13:48.901587 - Final transform:
[[-0.99 -0.01 -0.16  0.17]
 [ 0.09 -0.89 -0.45 -0.21]
 [-0.14 -0.46  0.88  1.08]
 [ 0.    0.    0.    1.  ]]
2025-04-28T17:13:48.901587 - Pose:
tensor([[[-0.9872, -0.0138, -0.1591,  0.0893],
         [ 0.0852, -0.8883, -0.4514, -0.1935],
         [-0.1351, -0.4591,  0.8780,  1.0777],
         [ 0.0000,  0.0000,  0.0000,  1.0000]]])
2025-04-28T17:13:48.969595 - Final transform:
[[-0.99 -0.02 -0.16  0.17]
 [ 0.09 -0.88 -0.46 -0.21]
 [-0.13 -0.47  0.87  1.08]
 [ 0.    0.    0.    1.  ]]
2025-04-28T17:13:48.969595 - Pose:
tensor([[[-0.9877, -0.0169, -0.1553,  0.0892],
         [ 0.0876, -0.8830, -0.4611, -0.1936],
         [-0.1293, -0.4690,  0.8737,  1.0790],
         [ 0.0000,  0.0000,  0.0000,  1.0000]]])
2025-04-28T17:13:49.037803 - Final transform:
[[-0.97 -0.   -0.24  0.17]
 [ 0.11 -0.88 -0.45 -0.21]
 [-0.21 -0.47  0.86  1.09]
 [ 0.    0.    0.    1.  ]]
2025-04-28T17:13:49.037803 - Pose:
tensor([[[-0.9716, -0.0020, -0.2367,  0.0891],
         [ 0.1121, -0.8846, -0.4526, -0.1922],
         [-0.2085, -0.4663,  0.8597,  1.0783],
         [ 0.0000,  0.0000,  0.0000,  1.0000]]])
2025-04-28T17:13:49.104681 - Final transform:
[[-0.99 -0.   -0.15  0.17]
 [ 0.07 -0.9  -0.43 -0.21]
 [-0.13 -0.43  0.89  1.09]
 [ 0.    0.    0.    1.  ]]
2025-04-28T17:13:49.104681 - Pose:
tensor([[[-0.9892, -0.0019, -0.1468,  0.0891],
         [ 0.0654, -0.9007, -0.4294, -0.1920],
         [-0.1314, -0.4344,  0.8911,  1.0805],
         [ 0.0000,  0.0000,  0.0000,  1.0000]]])
2025-04-28T17:13:49.169994 - Final transform:
[[-0.99  0.   -0.17  0.17]
 [ 0.08 -0.89 -0.46 -0.2 ]
 [-0.15 -0.46  0.87  1.09]
 [ 0.    0.    0.    1.  ]]
2025-04-28T17:13:49.169994 - Pose:
tensor([[[-0.9853,  0.0046, -0.1710,  0.0888],
         [ 0.0751, -0.8866, -0.4564, -0.1885],
         [-0.1537, -0.4625,  0.8732,  1.0826],
         [ 0.0000,  0.0000,  0.0000,  1.0000]]])
2025-04-28T17:13:49.245017 - Final transform:
[[-0.99 -0.01 -0.16  0.17]
 [ 0.08 -0.89 -0.45 -0.21]
 [-0.14 -0.45  0.88  1.09]
 [ 0.    0.    0.    1.  ]]
2025-04-28T17:13:49.245017 - Pose:
tensor([[[-0.9867, -0.0055, -0.1623,  0.0891],
         [ 0.0786, -0.8909, -0.4474, -0.1918],
         [-0.1421, -0.4542,  0.8795,  1.0791],
         [ 0.0000,  0.0000,  0.0000,  1.0000]]])
2025-04-28T17:13:49.318262 - Final transform:
[[-0.98 -0.01 -0.18  0.17]
 [ 0.09 -0.88 -0.46 -0.21]
 [-0.16 -0.47  0.87  1.09]
 [ 0.    0.    0.    1.  ]]
2025-04-28T17:13:49.318262 - Pose:
tensor([[[-0.9835, -0.0068, -0.1806,  0.0894],
         [ 0.0906, -0.8833, -0.4601, -0.1908],
         [-0.1564, -0.4688,  0.8693,  1.0805],
         [ 0.0000,  0.0000,  0.0000,  1.0000]]])
2025-04-28T17:13:49.385762 - Final transform:
[[-0.98 -0.01 -0.19  0.17]
 [ 0.09 -0.9  -0.43 -0.21]
 [-0.17 -0.44  0.88  1.09]
 [ 0.    0.    0.    1.  ]]
2025-04-28T17:13:49.385762 - Pose:
tensor([[[-0.9815, -0.0088, -0.1913,  0.0893],
         [ 0.0927, -0.8960, -0.4342, -0.1926],
         [-0.1676, -0.4439,  0.8803,  1.0810],
         [ 0.0000,  0.0000,  0.0000,  1.0000]]])
2025-04-28T17:13:49.451952 - Final transform:
[[-0.98  0.01 -0.18  0.17]
 [ 0.07 -0.89 -0.45 -0.2 ]
 [-0.17 -0.45  0.88  1.09]
 [ 0.    0.    0.    1.  ]]
2025-04-28T17:13:49.451952 - Pose:
tensor([[[-0.9836,  0.0116, -0.1800,  0.0887],
         [ 0.0715, -0.8913, -0.4478, -0.1902],
         [-0.1657, -0.4533,  0.8758,  1.0803],
         [ 0.0000,  0.0000,  0.0000,  1.0000]]])
2025-04-28T17:13:49.520940 - Final transform:
[[-0.96  0.   -0.26  0.17]
 [ 0.13 -0.87 -0.47 -0.21]
 [-0.23 -0.49  0.84  1.09]
 [ 0.    0.    0.    1.  ]]
2025-04-28T17:13:49.520940 - Pose:
tensor([[[-9.6445e-01,  1.1203e-04, -2.6428e-01,  8.9272e-02],
         [ 1.2990e-01, -8.7067e-01, -4.7441e-01, -1.9050e-01],
         [-2.3015e-01, -4.9187e-01,  8.3970e-01,  1.0810e+00],
         [ 0.0000e+00,  0.0000e+00,  0.0000e+00,  1.0000e+00]]])
2025-04-28T17:13:49.587565 - Final transform:
[[-0.96 -0.01 -0.27  0.17]
 [ 0.13 -0.89 -0.44 -0.21]
 [-0.24 -0.46  0.85  1.1 ]
 [ 0.    0.    0.    1.  ]]
2025-04-28T17:13:49.587565 - Pose:
tensor([[[-0.9627, -0.0084, -0.2704,  0.0898],
         [ 0.1325, -0.8860, -0.4444, -0.1885],
         [-0.2359, -0.4637,  0.8540,  1.0823],
         [ 0.0000,  0.0000,  0.0000,  1.0000]]])
2025-04-28T17:13:49.658278 - Final transform:
[[-0.98 -0.   -0.21  0.17]
 [ 0.1  -0.89 -0.44 -0.21]
 [-0.19 -0.45  0.87  1.09]
 [ 0.    0.    0.    1.  ]]
2025-04-28T17:13:49.658278 - Pose:
tensor([[[-0.9769, -0.0016, -0.2139,  0.0893],
         [ 0.0984, -0.8911, -0.4430, -0.1912],
         [-0.1899, -0.4538,  0.8706,  1.0797],
         [ 0.0000,  0.0000,  0.0000,  1.0000]]])
2025-04-28T17:13:49.724356 - Final transform:
[[-0.98 -0.   -0.17  0.17]
 [ 0.08 -0.89 -0.45 -0.21]
 [-0.15 -0.45  0.88  1.09]
 [ 0.    0.    0.    1.  ]]
2025-04-28T17:13:49.724356 - Pose:
tensor([[[-0.9848, -0.0028, -0.1735,  0.0887],
         [ 0.0813, -0.8908, -0.4470, -0.1905],
         [-0.1533, -0.4543,  0.8776,  1.0813],
         [ 0.0000,  0.0000,  0.0000,  1.0000]]])
2025-04-28T17:13:49.792840 - Final transform:
[[-0.98  0.   -0.18  0.17]
 [ 0.08 -0.89 -0.44 -0.2 ]
 [-0.16 -0.45  0.88  1.09]
 [ 0.    0.    0.    1.  ]]
2025-04-28T17:13:49.792840 - Pose:
tensor([[[-9.8294e-01,  1.6390e-04, -1.8390e-01,  8.8911e-02],
         [ 8.2436e-02, -8.9351e-01, -4.4141e-01, -1.8952e-01],
         [-1.6439e-01, -4.4904e-01,  8.7826e-01,  1.0809e+00],
         [ 0.0000e+00,  0.0000e+00,  0.0000e+00,  1.0000e+00]]])
2025-04-28T17:13:49.861578 - Final transform:
[[-0.98 -0.01 -0.21  0.17]
 [ 0.11 -0.88 -0.46 -0.21]
 [-0.19 -0.47  0.86  1.09]
 [ 0.    0.    0.    1.  ]]
2025-04-28T17:13:49.861578 - Pose:
tensor([[[-0.9770, -0.0055, -0.2133,  0.0892],
         [ 0.1056, -0.8813, -0.4606, -0.1920],
         [-0.1854, -0.4726,  0.8616,  1.0809],
         [ 0.0000,  0.0000,  0.0000,  1.0000]]])
2025-04-28T17:13:49.930207 - Final transform:
[[-0.98 -0.   -0.18  0.17]
 [ 0.09 -0.89 -0.45 -0.21]
 [-0.16 -0.46  0.87  1.09]
 [ 0.    0.    0.    1.  ]]
2025-04-28T17:13:49.930207 - Pose:
tensor([[[-0.9840, -0.0044, -0.1780,  0.0888],
         [ 0.0863, -0.8864, -0.4548, -0.1905],
         [-0.1558, -0.4629,  0.8726,  1.0804],
         [ 0.0000,  0.0000,  0.0000,  1.0000]]])
2025-04-28T17:13:49.998623 - Final transform:
[[-0.99 -0.01 -0.16  0.17]
 [ 0.08 -0.89 -0.44 -0.2 ]
 [-0.14 -0.45  0.88  1.09]
 [ 0.    0.    0.    1.  ]]
2025-04-28T17:13:49.998623 - Pose:
tensor([[[-0.9868, -0.0054, -0.1620,  0.0893],
         [ 0.0775, -0.8935, -0.4423, -0.1895],
         [-0.1424, -0.4490,  0.8821,  1.0803],
         [ 0.0000,  0.0000,  0.0000,  1.0000]]])
2025-04-28T17:13:50.067306 - Final transform:
[[-0.99 -0.01 -0.17  0.17]
 [ 0.08 -0.89 -0.46 -0.21]
 [-0.15 -0.46  0.87  1.09]
 [ 0.    0.    0.    1.  ]]
2025-04-28T17:13:50.067306 - Pose:
tensor([[[-0.9851, -0.0061, -0.1718,  0.0892],
         [ 0.0849, -0.8862, -0.4555, -0.1913],
         [-0.1494, -0.4633,  0.8735,  1.0806],
         [ 0.0000,  0.0000,  0.0000,  1.0000]]])
2025-04-28T17:13:50.134443 - Final transform:
[[-0.98  0.   -0.2   0.17]
 [ 0.09 -0.88 -0.47 -0.21]
 [-0.18 -0.47  0.86  1.09]
 [ 0.    0.    0.    1.  ]]
2025-04-28T17:13:50.134443 - Pose:
tensor([[[-0.9797,  0.0042, -0.2004,  0.0892],
         [ 0.0914, -0.8804, -0.4654, -0.1909],
         [-0.1784, -0.4743,  0.8621,  1.0800],
         [ 0.0000,  0.0000,  0.0000,  1.0000]]])
2025-04-28T17:13:50.203709 - Final transform:
[[-0.97 -0.01 -0.23  0.17]
 [ 0.11 -0.89 -0.45 -0.21]
 [-0.2  -0.46  0.86  1.09]
 [ 0.    0.    0.    1.  ]]
2025-04-28T17:13:50.203709 - Pose:
tensor([[[-0.9738, -0.0082, -0.2274,  0.0887],
         [ 0.1122, -0.8867, -0.4485, -0.1903],
         [-0.1979, -0.4623,  0.8644,  1.0803],
         [ 0.0000,  0.0000,  0.0000,  1.0000]]])
2025-04-28T17:13:50.270670 - Final transform:
[[-0.99 -0.01 -0.17  0.17]
 [ 0.09 -0.89 -0.45 -0.21]
 [-0.15 -0.46  0.87  1.09]
 [ 0.    0.    0.    1.  ]]
2025-04-28T17:13:50.270670 - Pose:
tensor([[[-0.9851, -0.0081, -0.1716,  0.0890],
         [ 0.0862, -0.8874, -0.4528, -0.1925],
         [-0.1486, -0.4609,  0.8749,  1.0781],
         [ 0.0000,  0.0000,  0.0000,  1.0000]]])
2025-04-28T17:13:50.341092 - Final transform:
[[-0.99 -0.   -0.15  0.17]
 [ 0.06 -0.91 -0.41 -0.21]
 [-0.13 -0.42  0.9   1.09]
 [ 0.    0.    0.    1.  ]]
2025-04-28T17:13:50.341092 - Pose:
tensor([[[-0.9892, -0.0027, -0.1468,  0.0895],
         [ 0.0637, -0.9086, -0.4129, -0.1928],
         [-0.1323, -0.4178,  0.8989,  1.0800],
         [ 0.0000,  0.0000,  0.0000,  1.0000]]])
2025-04-28T17:13:50.405483 - Final transform:
[[-0.98  0.01 -0.19  0.17]
 [ 0.08 -0.89 -0.45 -0.21]
 [-0.17 -0.45  0.87  1.09]
 [ 0.    0.    0.    1.  ]]
2025-04-28T17:13:50.405483 - Pose:
tensor([[[-0.9820,  0.0107, -0.1887,  0.0889],
         [ 0.0763, -0.8909, -0.4478, -0.1903],
         [-0.1729, -0.4541,  0.8740,  1.0815],
         [ 0.0000,  0.0000,  0.0000,  1.0000]]])
2025-04-28T17:13:50.470990 - Final transform:
[[-0.97  0.01 -0.25  0.17]
 [ 0.11 -0.89 -0.44 -0.21]
 [-0.23 -0.45  0.86  1.09]
 [ 0.    0.    0.    1.  ]]
2025-04-28T17:13:50.470990 - Pose:
tensor([[[-0.9678,  0.0059, -0.2515,  0.0890],
         [ 0.1080, -0.8932, -0.4365, -0.1900],
         [-0.2272, -0.4496,  0.8639,  1.0814],
         [ 0.0000,  0.0000,  0.0000,  1.0000]]])
2025-04-28T17:13:50.540241 - Final transform:
[[-0.97  0.   -0.24  0.17]
 [ 0.1  -0.89 -0.44 -0.21]
 [-0.21 -0.45  0.87  1.09]
 [ 0.    0.    0.    1.  ]]
2025-04-28T17:13:50.540241 - Pose:
tensor([[[-0.9718,  0.0046, -0.2356,  0.0891],
         [ 0.1029, -0.8912, -0.4418, -0.1910],
         [-0.2120, -0.4536,  0.8656,  1.0818],
         [ 0.0000,  0.0000,  0.0000,  1.0000]]])
2025-04-28T17:13:50.612183 - Final transform:
[[-0.98 -0.   -0.19  0.17]
 [ 0.09 -0.88 -0.46 -0.21]
 [-0.16 -0.47  0.87  1.09]
 [ 0.    0.    0.    1.  ]]
2025-04-28T17:13:50.612183 - Pose:
tensor([[[-0.9826, -0.0035, -0.1860,  0.0891],
         [ 0.0900, -0.8838, -0.4592, -0.1915],
         [-0.1628, -0.4679,  0.8687,  1.0797],
         [ 0.0000,  0.0000,  0.0000,  1.0000]]])
2025-04-28T17:13:50.678555 - Final transform:
[[-0.98 -0.   -0.19  0.17]
 [ 0.09 -0.88 -0.47 -0.21]
 [-0.16 -0.48  0.86  1.09]
 [ 0.    0.    0.    1.  ]]
2025-04-28T17:13:50.678555 - Pose:
tensor([[[-9.8255e-01, -1.0141e-04, -1.8600e-01,  8.8477e-02],
         [ 8.9853e-02, -8.7584e-01, -4.7417e-01, -1.9177e-01],
         [-1.6286e-01, -4.8260e-01,  8.6056e-01,  1.0789e+00],
         [ 0.0000e+00,  0.0000e+00,  0.0000e+00,  1.0000e+00]]])
2025-04-28T17:13:50.743791 - Final transform:
[[-0.98  0.   -0.22  0.17]
 [ 0.1  -0.88 -0.46 -0.21]
 [-0.19 -0.47  0.86  1.09]
 [ 0.    0.    0.    1.  ]]
2025-04-28T17:13:50.743791 - Pose:
tensor([[[-0.9766,  0.0021, -0.2152,  0.0885],
         [ 0.0998, -0.8813, -0.4619, -0.1903],
         [-0.1907, -0.4725,  0.8605,  1.0795],
         [ 0.0000,  0.0000,  0.0000,  1.0000]]])
2025-04-28T17:13:50.819585 - Final transform:
[[-0.98 -0.02 -0.18  0.17]
 [ 0.09 -0.89 -0.44 -0.21]
 [-0.15 -0.45  0.88  1.09]
 [ 0.    0.    0.    1.  ]]
2025-04-28T17:13:50.819585 - Pose:
tensor([[[-0.9843, -0.0163, -0.1760,  0.0891],
         [ 0.0934, -0.8934, -0.4394, -0.1918],
         [-0.1501, -0.4489,  0.8809,  1.0790],
         [ 0.0000,  0.0000,  0.0000,  1.0000]]])
2025-04-28T17:13:50.890052 - Final transform:
[[-0.98 -0.   -0.2   0.17]
 [ 0.09 -0.89 -0.45 -0.21]
 [-0.17 -0.46  0.87  1.09]
 [ 0.    0.    0.    1.  ]]
2025-04-28T17:13:50.890052 - Pose:
tensor([[[-0.9805, -0.0022, -0.1966,  0.0893],
         [ 0.0921, -0.8885, -0.4495, -0.1904],
         [-0.1737, -0.4588,  0.8714,  1.0807],
         [ 0.0000,  0.0000,  0.0000,  1.0000]]])
2025-04-28T17:13:50.956028 - Final transform:
[[-0.98 -0.   -0.18  0.17]
 [ 0.09 -0.89 -0.44 -0.21]
 [-0.16 -0.45  0.88  1.09]
 [ 0.    0.    0.    1.  ]]
2025-04-28T17:13:50.956028 - Pose:
tensor([[[-0.9838, -0.0047, -0.1793,  0.0894],
         [ 0.0850, -0.8924, -0.4432, -0.1920],
         [-0.1580, -0.4513,  0.8783,  1.0794],
         [ 0.0000,  0.0000,  0.0000,  1.0000]]])
2025-04-28T17:13:51.020670 - Final transform:
[[-0.98  0.01 -0.18  0.17]
 [ 0.07 -0.89 -0.45 -0.21]
 [-0.17 -0.45  0.88  1.09]
 [ 0.    0.    0.    1.  ]]
2025-04-28T17:13:51.020670 - Pose:
tensor([[[-0.9831,  0.0110, -0.1828,  0.0889],
         [ 0.0728, -0.8925, -0.4451, -0.1904],
         [-0.1681, -0.4509,  0.8766,  1.0822],
         [ 0.0000,  0.0000,  0.0000,  1.0000]]])
2025-04-28T17:13:51.085518 - Final transform:
[[-0.98 -0.01 -0.21  0.17]
 [ 0.11 -0.87 -0.48 -0.21]
 [-0.18 -0.49  0.85  1.09]
 [ 0.    0.    0.    1.  ]]
2025-04-28T17:13:51.085518 - Pose:
tensor([[[-0.9784, -0.0096, -0.2065,  0.0891],
         [ 0.1091, -0.8727, -0.4759, -0.1906],
         [-0.1756, -0.4882,  0.8549,  1.0780],
         [ 0.0000,  0.0000,  0.0000,  1.0000]]])
2025-04-28T17:13:51.150722 - Final transform:
[[-0.99 -0.01 -0.14  0.17]
 [ 0.07 -0.89 -0.45 -0.21]
 [-0.13 -0.45  0.88  1.09]
 [ 0.    0.    0.    1.  ]]
2025-04-28T17:13:51.150722 - Pose:
tensor([[[-0.9895, -0.0082, -0.1443,  0.0894],
         [ 0.0723, -0.8924, -0.4454, -0.1937],
         [-0.1252, -0.4511,  0.8836,  1.0800],
         [ 0.0000,  0.0000,  0.0000,  1.0000]]])
2025-04-28T17:13:51.218359 - Final transform:
[[-0.98 -0.01 -0.18  0.17]
 [ 0.09 -0.88 -0.46 -0.21]
 [-0.16 -0.47  0.87  1.09]
 [ 0.    0.    0.    1.  ]]
2025-04-28T17:13:51.218359 - Pose:
tensor([[[-0.9828, -0.0073, -0.1845,  0.0890],
         [ 0.0931, -0.8825, -0.4609, -0.1938],
         [-0.1595, -0.4702,  0.8680,  1.0775],
         [ 0.0000,  0.0000,  0.0000,  1.0000]]])
2025-04-28T17:13:51.289007 - Final transform:
[[-0.98 -0.   -0.21  0.17]
 [ 0.1  -0.88 -0.46 -0.21]
 [-0.18 -0.47  0.86  1.09]
 [ 0.    0.    0.    1.  ]]
2025-04-28T17:13:51.289007 - Pose:
tensor([[[-0.9784, -0.0042, -0.2067,  0.0895],
         [ 0.1007, -0.8831, -0.4583, -0.1914],
         [-0.1806, -0.4692,  0.8644,  1.0803],
         [ 0.0000,  0.0000,  0.0000,  1.0000]]])
2025-04-28T17:13:51.356948 - Final transform:
[[-0.99 -0.01 -0.15  0.17]
 [ 0.08 -0.89 -0.44 -0.21]
 [-0.13 -0.45  0.88  1.09]
 [ 0.    0.    0.    1.  ]]
2025-04-28T17:13:51.356948 - Pose:
tensor([[[-0.9881, -0.0077, -0.1534,  0.0891],
         [ 0.0757, -0.8935, -0.4427, -0.1905],
         [-0.1336, -0.4491,  0.8834,  1.0806],
         [ 0.0000,  0.0000,  0.0000,  1.0000]]])
2025-04-28T17:13:51.424677 - Final transform:
[[-0.99  0.   -0.13  0.17]
 [ 0.05 -0.9  -0.44 -0.2 ]
 [-0.12 -0.44  0.89  1.08]
 [ 0.    0.    0.    1.  ]]
2025-04-28T17:13:51.424677 - Pose:
tensor([[[-0.9914,  0.0044, -0.1306,  0.0890],
         [ 0.0533, -0.8988, -0.4351, -0.1910],
         [-0.1193, -0.4383,  0.8909,  1.0801],
         [ 0.0000,  0.0000,  0.0000,  1.0000]]])
2025-04-28T17:13:51.494473 - Final transform:
[[-0.98 -0.01 -0.21  0.17]
 [ 0.11 -0.88 -0.47 -0.21]
 [-0.18 -0.48  0.86  1.09]
 [ 0.    0.    0.    1.  ]]
2025-04-28T17:13:51.494473 - Pose:
tensor([[[-0.9771, -0.0079, -0.2125,  0.0893],
         [ 0.1090, -0.8766, -0.4687, -0.1916],
         [-0.1826, -0.4812,  0.8574,  1.0808],
         [ 0.0000,  0.0000,  0.0000,  1.0000]]])
2025-04-28T17:13:51.561668 - Final transform:
[[-0.99 -0.01 -0.15  0.17]
 [ 0.07 -0.9  -0.43 -0.21]
 [-0.13 -0.44  0.89  1.08]
 [ 0.    0.    0.    1.  ]]
2025-04-28T17:13:51.561668 - Pose:
tensor([[[-0.9888, -0.0082, -0.1489,  0.0893],
         [ 0.0728, -0.8978, -0.4343, -0.1940],
         [-0.1302, -0.4403,  0.8884,  1.0789],
         [ 0.0000,  0.0000,  0.0000,  1.0000]]])
2025-04-28T17:13:51.629802 - Final transform:
[[-0.97 -0.   -0.24  0.17]
 [ 0.12 -0.88 -0.46 -0.21]
 [-0.21 -0.47  0.86  1.09]
 [ 0.    0.    0.    1.  ]]
2025-04-28T17:13:51.629802 - Pose:
tensor([[[-0.9699, -0.0032, -0.2436,  0.0895],
         [ 0.1176, -0.8819, -0.4566, -0.1934],
         [-0.2134, -0.4715,  0.8557,  1.0778],
         [ 0.0000,  0.0000,  0.0000,  1.0000]]])
2025-04-28T17:13:51.698874 - Final transform:
[[-0.98 -0.   -0.18  0.17]
 [ 0.08 -0.91 -0.41 -0.21]
 [-0.17 -0.41  0.9   1.09]
 [ 0.    0.    0.    1.  ]]
2025-04-28T17:13:51.698874 - Pose:
tensor([[[-0.9830, -0.0011, -0.1834,  0.0891],
         [ 0.0766, -0.9111, -0.4051, -0.1932],
         [-0.1666, -0.4123,  0.8957,  1.0795],
         [ 0.0000,  0.0000,  0.0000,  1.0000]]])
2025-04-28T17:13:51.767535 - Final transform:
[[-0.99  0.   -0.15  0.17]
 [ 0.06 -0.9  -0.42 -0.21]
 [-0.14 -0.43  0.89  1.09]
 [ 0.    0.    0.    1.  ]]
2025-04-28T17:13:51.767535 - Pose:
tensor([[[-9.8817e-01,  8.7789e-04, -1.5333e-01,  8.9209e-02],
         [ 6.4811e-02, -9.0388e-01, -4.2285e-01, -1.9325e-01],
         [-1.3897e-01, -4.2779e-01,  8.9313e-01,  1.0812e+00],
         [ 0.0000e+00,  0.0000e+00,  0.0000e+00,  1.0000e+00]]])
2025-04-28T17:13:51.835165 - Final transform:
[[-0.96  0.   -0.28  0.17]
 [ 0.13 -0.89 -0.45 -0.21]
 [-0.25 -0.46  0.85  1.1 ]
 [ 0.    0.    0.    1.  ]]
2025-04-28T17:13:51.835165 - Pose:
tensor([[[-0.9594,  0.0042, -0.2819,  0.0892],
         [ 0.1270, -0.8862, -0.4455, -0.1882],
         [-0.2517, -0.4632,  0.8498,  1.0809],
         [ 0.0000,  0.0000,  0.0000,  1.0000]]])
2025-04-28T17:13:51.904350 - Final transform:
[[-0.97 -0.01 -0.26  0.17]
 [ 0.13 -0.89 -0.44 -0.21]
 [-0.22 -0.46  0.86  1.09]
 [ 0.    0.    0.    1.  ]]
2025-04-28T17:13:51.904350 - Pose:
tensor([[[-0.9666, -0.0078, -0.2562,  0.0896],
         [ 0.1251, -0.8868, -0.4449, -0.1903],
         [-0.2237, -0.4621,  0.8581,  1.0808],
         [ 0.0000,  0.0000,  0.0000,  1.0000]]])
2025-04-28T17:13:51.972933 - Final transform:
[[-0.97 -0.   -0.24  0.17]
 [ 0.11 -0.89 -0.44 -0.21]
 [-0.21 -0.45  0.86  1.09]
 [ 0.    0.    0.    1.  ]]
2025-04-28T17:13:51.972933 - Pose:
tensor([[[-0.9702, -0.0015, -0.2422,  0.0889],
         [ 0.1115, -0.8905, -0.4411, -0.1907],
         [-0.2150, -0.4550,  0.8642,  1.0777],
         [ 0.0000,  0.0000,  0.0000,  1.0000]]])
2025-04-28T17:13:52.039345 - Final transform:
[[-0.96 -0.01 -0.28  0.17]
 [ 0.14 -0.88 -0.45 -0.21]
 [-0.24 -0.47  0.85  1.09]
 [ 0.    0.    0.    1.  ]]
2025-04-28T17:13:52.039345 - Pose:
tensor([[[-0.9612, -0.0084, -0.2758,  0.0897],
         [ 0.1375, -0.8811, -0.4526, -0.1891],
         [-0.2393, -0.4729,  0.8480,  1.0805],
         [ 0.0000,  0.0000,  0.0000,  1.0000]]])
2025-04-28T17:13:52.111293 - Final transform:
[[-0.97 -0.01 -0.25  0.17]
 [ 0.13 -0.88 -0.46 -0.21]
 [-0.22 -0.47  0.85  1.09]
 [ 0.    0.    0.    1.  ]]
2025-04-28T17:13:52.111293 - Pose:
tensor([[[-0.9683, -0.0077, -0.2498,  0.0893],
         [ 0.1250, -0.8803, -0.4577, -0.1920],
         [-0.2164, -0.4744,  0.8533,  1.0775],
         [ 0.0000,  0.0000,  0.0000,  1.0000]]])
2025-04-28T17:13:52.177853 - Final transform:
[[-0.97  0.   -0.24  0.17]
 [ 0.11 -0.89 -0.45 -0.21]
 [-0.21 -0.46  0.86  1.09]
 [ 0.    0.    0.    1.  ]]
2025-04-28T17:13:52.177853 - Pose:
tensor([[[-0.9706,  0.0031, -0.2406,  0.0892],
         [ 0.1086, -0.8866, -0.4497, -0.1884],
         [-0.2147, -0.4626,  0.8602,  1.0810],
         [ 0.0000,  0.0000,  0.0000,  1.0000]]])
2025-04-28T17:13:52.244105 - Final transform:
[[-0.97 -0.01 -0.25  0.17]
 [ 0.13 -0.89 -0.44 -0.21]
 [-0.22 -0.46  0.86  1.09]
 [ 0.    0.    0.    1.  ]]
2025-04-28T17:13:52.244105 - Pose:
tensor([[[-0.9672, -0.0106, -0.2537,  0.0893],
         [ 0.1262, -0.8872, -0.4439, -0.1914],
         [-0.2204, -0.4613,  0.8594,  1.0801],
         [ 0.0000,  0.0000,  0.0000,  1.0000]]])
2025-04-28T17:13:52.312024 - Final transform:
[[-0.99 -0.02 -0.17  0.17]
 [ 0.09 -0.89 -0.45 -0.21]
 [-0.14 -0.46  0.88  1.08]
 [ 0.    0.    0.    1.  ]]
2025-04-28T17:13:52.312024 - Pose:
tensor([[[-0.9860, -0.0195, -0.1657,  0.0888],
         [ 0.0930, -0.8889, -0.4486, -0.1916],
         [-0.1385, -0.4577,  0.8782,  1.0781],
         [ 0.0000,  0.0000,  0.0000,  1.0000]]])
2025-04-28T17:13:52.378521 - Final transform:
[[-0.99  0.   -0.14  0.17]
 [ 0.06 -0.9  -0.44 -0.21]
 [-0.12 -0.44  0.89  1.09]
 [ 0.    0.    0.    1.  ]]
2025-04-28T17:13:52.378521 - Pose:
tensor([[[-0.9907,  0.0036, -0.1358,  0.0896],
         [ 0.0571, -0.8960, -0.4404, -0.1920],
         [-0.1233, -0.4440,  0.8875,  1.0801],
         [ 0.0000,  0.0000,  0.0000,  1.0000]]])
2025-04-28T17:13:52.454610 - Final transform:
[[-0.98  0.   -0.18  0.17]
 [ 0.08 -0.89 -0.45 -0.21]
 [-0.16 -0.46  0.87  1.09]
 [ 0.    0.    0.    1.  ]]
2025-04-28T17:13:52.454610 - Pose:
tensor([[[-0.9844,  0.0035, -0.1761,  0.0893],
         [ 0.0776, -0.8889, -0.4514, -0.1908],
         [-0.1581, -0.4580,  0.8748,  1.0804],
         [ 0.0000,  0.0000,  0.0000,  1.0000]]])
2025-04-28T17:13:52.523632 - Final transform:
[[-0.98 -0.01 -0.2   0.17]
 [ 0.1  -0.88 -0.46 -0.21]
 [-0.17 -0.47  0.87  1.09]
 [ 0.    0.    0.    1.  ]]
2025-04-28T17:13:52.523632 - Pose:
tensor([[[-0.9802, -0.0099, -0.1979,  0.0889],
         [ 0.1015, -0.8828, -0.4587, -0.1906],
         [-0.1702, -0.4697,  0.8663,  1.0783],
         [ 0.0000,  0.0000,  0.0000,  1.0000]]])
2025-04-28T17:13:52.600406 - Final transform:
[[-0.99 -0.01 -0.17  0.17]
 [ 0.08 -0.89 -0.45 -0.21]
 [-0.14 -0.46  0.88  1.09]
 [ 0.    0.    0.    1.  ]]
2025-04-28T17:13:52.600406 - Pose:
tensor([[[-0.9862, -0.0070, -0.1655,  0.0889],
         [ 0.0821, -0.8884, -0.4517, -0.1901],
         [-0.1439, -0.4591,  0.8767,  1.0801],
         [ 0.0000,  0.0000,  0.0000,  1.0000]]])
2025-04-28T17:13:52.667492 - Final transform:
[[-0.99 -0.   -0.15  0.17]
 [ 0.07 -0.89 -0.44 -0.21]
 [-0.13 -0.45  0.89  1.09]
 [ 0.    0.    0.    1.  ]]
2025-04-28T17:13:52.667492 - Pose:
tensor([[[-9.8929e-01, -4.4592e-04, -1.4599e-01,  8.9383e-02],
         [ 6.5644e-02, -8.9457e-01, -4.4209e-01, -1.9351e-01],
         [-1.3040e-01, -4.4694e-01,  8.8501e-01,  1.0808e+00],
         [ 0.0000e+00,  0.0000e+00,  0.0000e+00,  1.0000e+00]]])
2025-04-28T17:13:52.737747 - Final transform:
[[-0.99  0.01 -0.14  0.17]
 [ 0.05 -0.91 -0.42 -0.21]
 [-0.13 -0.42  0.9   1.09]
 [ 0.    0.    0.    1.  ]]
2025-04-28T17:13:52.737747 - Pose:
tensor([[[-0.9896,  0.0074, -0.1435,  0.0897],
         [ 0.0539, -0.9067, -0.4184, -0.1927],
         [-0.1332, -0.4218,  0.8969,  1.0803],
         [ 0.0000,  0.0000,  0.0000,  1.0000]]])
2025-04-28T17:13:52.804282 - Final transform:
[[-0.98 -0.   -0.2   0.17]
 [ 0.1  -0.88 -0.46 -0.21]
 [-0.18 -0.47  0.86  1.09]
 [ 0.    0.    0.    1.  ]]
2025-04-28T17:13:52.804282 - Pose:
tensor([[[-9.7908e-01, -1.0808e-04, -2.0347e-01,  8.9268e-02],
         [ 9.5482e-02, -8.8330e-01, -4.5899e-01, -1.9075e-01],
         [-1.7967e-01, -4.6882e-01,  8.6483e-01,  1.0804e+00],
         [ 0.0000e+00,  0.0000e+00,  0.0000e+00,  1.0000e+00]]])
2025-04-28T17:13:52.871033 - Final transform:
[[-0.98 -0.01 -0.21  0.17]
 [ 0.11 -0.88 -0.47 -0.21]
 [-0.18 -0.48  0.86  1.08]
 [ 0.    0.    0.    1.  ]]
2025-04-28T17:13:52.871033 - Pose:
tensor([[[-0.9784, -0.0123, -0.2064,  0.0893],
         [ 0.1097, -0.8773, -0.4672, -0.1939],
         [-0.1753, -0.4798,  0.8597,  1.0749],
         [ 0.0000,  0.0000,  0.0000,  1.0000]]])
2025-04-28T17:13:52.938700 - Final transform:
[[-0.98  0.   -0.21  0.17]
 [ 0.09 -0.9  -0.42 -0.21]
 [-0.19 -0.43  0.88  1.09]
 [ 0.    0.    0.    1.  ]]
2025-04-28T17:13:52.938700 - Pose:
tensor([[[-0.9769,  0.0037, -0.2137,  0.0896],
         [ 0.0891, -0.9019, -0.4226, -0.1933],
         [-0.1943, -0.4319,  0.8808,  1.0781],
         [ 0.0000,  0.0000,  0.0000,  1.0000]]])
2025-04-28T17:13:53.005013 - Final transform:
[[-0.97 -0.   -0.24  0.17]
 [ 0.11 -0.89 -0.44 -0.21]
 [-0.22 -0.45  0.87  1.09]
 [ 0.    0.    0.    1.  ]]
2025-04-28T17:13:53.005013 - Pose:
tensor([[[-0.9701, -0.0027, -0.2428,  0.0892],
         [ 0.1118, -0.8927, -0.4366, -0.1918],
         [-0.2155, -0.4507,  0.8663,  1.0794],
         [ 0.0000,  0.0000,  0.0000,  1.0000]]])
2025-04-28T17:13:53.071828 - Final transform:
[[-0.98 -0.01 -0.21  0.17]
 [ 0.1  -0.89 -0.45 -0.21]
 [-0.18 -0.46  0.87  1.09]
 [ 0.    0.    0.    1.  ]]
2025-04-28T17:13:53.071828 - Pose:
tensor([[[-0.9786, -0.0077, -0.2057,  0.0892],
         [ 0.1018, -0.8867, -0.4511, -0.1898],
         [-0.1789, -0.4623,  0.8685,  1.0792],
         [ 0.0000,  0.0000,  0.0000,  1.0000]]])
2025-04-28T17:13:53.139308 - Final transform:
[[-0.99 -0.01 -0.14  0.17]
 [ 0.07 -0.89 -0.45 -0.2 ]
 [-0.12 -0.45  0.88  1.08]
 [ 0.    0.    0.    1.  ]]
2025-04-28T17:13:53.139308 - Pose:
tensor([[[-0.9906, -0.0059, -0.1369,  0.0892],
         [ 0.0674, -0.8907, -0.4495, -0.1900],
         [-0.1193, -0.4545,  0.8827,  1.0797],
         [ 0.0000,  0.0000,  0.0000,  1.0000]]])
2025-04-28T17:13:53.206470 - Final transform:
[[-0.99 -0.   -0.17  0.17]
 [ 0.08 -0.89 -0.45 -0.21]
 [-0.15 -0.46  0.88  1.09]
 [ 0.    0.    0.    1.  ]]
2025-04-28T17:13:53.206470 - Pose:
tensor([[[-0.9857, -0.0032, -0.1686,  0.0895],
         [ 0.0797, -0.8901, -0.4487, -0.1926],
         [-0.1487, -0.4558,  0.8776,  1.0785],
         [ 0.0000,  0.0000,  0.0000,  1.0000]]])
2025-04-28T17:13:53.277964 - Final transform:
[[-0.98 -0.02 -0.18  0.17]
 [ 0.1  -0.89 -0.45 -0.21]
 [-0.15 -0.46  0.87  1.09]
 [ 0.    0.    0.    1.  ]]
2025-04-28T17:13:53.277964 - Pose:
tensor([[[-0.9830, -0.0175, -0.1827,  0.0892],
         [ 0.0992, -0.8880, -0.4490, -0.1935],
         [-0.1544, -0.4595,  0.8746,  1.0788],
         [ 0.0000,  0.0000,  0.0000,  1.0000]]])
2025-04-28T17:13:53.345759 - Final transform:
[[-0.98 -0.   -0.2   0.17]
 [ 0.09 -0.89 -0.45 -0.21]
 [-0.18 -0.46  0.87  1.09]
 [ 0.    0.    0.    1.  ]]
2025-04-28T17:13:53.345759 - Pose:
tensor([[[-9.7997e-01, -1.6120e-04, -1.9915e-01,  8.9262e-02],
         [ 9.2567e-02, -8.8578e-01, -4.5478e-01, -1.9364e-01],
         [-1.7633e-01, -4.6411e-01,  8.6805e-01,  1.0804e+00],
         [ 0.0000e+00,  0.0000e+00,  0.0000e+00,  1.0000e+00]]])
2025-04-28T17:13:53.413291 - Final transform:
[[-0.98 -0.01 -0.18  0.17]
 [ 0.1  -0.88 -0.46 -0.21]
 [-0.15 -0.47  0.87  1.08]
 [ 0.    0.    0.    1.  ]]
2025-04-28T17:13:53.413291 - Pose:
tensor([[[-0.9838, -0.0132, -0.1790,  0.0893],
         [ 0.0961, -0.8809, -0.4635, -0.1922],
         [-0.1516, -0.4732,  0.8678,  1.0775],
         [ 0.0000,  0.0000,  0.0000,  1.0000]]])
2025-04-28T17:13:53.480149 - Final transform:
[[-0.99 -0.01 -0.16  0.17]
 [ 0.08 -0.89 -0.46 -0.21]
 [-0.14 -0.46  0.88  1.09]
 [ 0.    0.    0.    1.  ]]
2025-04-28T17:13:53.480149 - Pose:
tensor([[[-0.9868, -0.0059, -0.1619,  0.0895],
         [ 0.0800, -0.8867, -0.4555, -0.1913],
         [-0.1409, -0.4624,  0.8754,  1.0795],
         [ 0.0000,  0.0000,  0.0000,  1.0000]]])
2025-04-28T17:13:53.551758 - Final transform:
[[-0.98 -0.01 -0.19  0.17]
 [ 0.1  -0.89 -0.45 -0.21]
 [-0.16 -0.46  0.87  1.09]
 [ 0.    0.    0.    1.  ]]
2025-04-28T17:13:53.551758 - Pose:
tensor([[[-0.9824, -0.0142, -0.1865,  0.0892],
         [ 0.0983, -0.8875, -0.4502, -0.1905],
         [-0.1591, -0.4606,  0.8732,  1.0795],
         [ 0.0000,  0.0000,  0.0000,  1.0000]]])
2025-04-28T17:13:53.619777 - Final transform:
[[-0.96  0.   -0.27  0.17]
 [ 0.13 -0.88 -0.45 -0.21]
 [-0.24 -0.47  0.85  1.09]
 [ 0.    0.    0.    1.  ]]
2025-04-28T17:13:53.619777 - Pose:
tensor([[[-9.6377e-01,  1.1900e-04, -2.6673e-01,  8.8925e-02],
         [ 1.2517e-01, -8.8284e-01, -4.5268e-01, -1.8988e-01],
         [-2.3554e-01, -4.6967e-01,  8.5084e-01,  1.0792e+00],
         [ 0.0000e+00,  0.0000e+00,  0.0000e+00,  1.0000e+00]]])
2025-04-28T17:13:53.689326 - Final transform:
[[-0.98 -0.01 -0.19  0.17]
 [ 0.1  -0.9  -0.43 -0.21]
 [-0.17 -0.44  0.88  1.09]
 [ 0.    0.    0.    1.  ]]
2025-04-28T17:13:53.689326 - Pose:
tensor([[[-0.9810, -0.0132, -0.1935,  0.0885],
         [ 0.0974, -0.8964, -0.4325, -0.1920],
         [-0.1677, -0.4431,  0.8806,  1.0796],
         [ 0.0000,  0.0000,  0.0000,  1.0000]]])
2025-04-28T17:13:53.760067 - Final transform:
[[-0.98 -0.01 -0.21  0.17]
 [ 0.1  -0.89 -0.45 -0.21]
 [-0.19 -0.46  0.87  1.09]
 [ 0.    0.    0.    1.  ]]
2025-04-28T17:13:53.760067 - Pose:
tensor([[[-0.9768, -0.0056, -0.2139,  0.0892],
         [ 0.1034, -0.8874, -0.4492, -0.1891],
         [-0.1873, -0.4609,  0.8675,  1.0817],
         [ 0.0000,  0.0000,  0.0000,  1.0000]]])
2025-04-28T17:13:53.825862 - Final transform:
[[-0.98 -0.   -0.22  0.17]
 [ 0.1  -0.89 -0.44 -0.21]
 [-0.2  -0.46  0.87  1.09]
 [ 0.    0.    0.    1.  ]]
2025-04-28T17:13:53.825862 - Pose:
tensor([[[-0.9752, -0.0037, -0.2212,  0.0890],
         [ 0.1042, -0.8896, -0.4446, -0.1907],
         [-0.1951, -0.4566,  0.8680,  1.0809],
         [ 0.0000,  0.0000,  0.0000,  1.0000]]])
2025-04-28T17:13:53.894945 - Final transform:
[[-0.96  0.   -0.27  0.17]
 [ 0.12 -0.89 -0.43 -0.21]
 [-0.24 -0.45  0.86  1.09]
 [ 0.    0.    0.    1.  ]]
2025-04-28T17:13:53.894945 - Pose:
tensor([[[-9.6364e-01,  2.2078e-04, -2.6721e-01,  8.9121e-02],
         [ 1.2030e-01, -8.9257e-01, -4.3457e-01, -1.9004e-01],
         [-2.3860e-01, -4.5091e-01,  8.6009e-01,  1.0790e+00],
         [ 0.0000e+00,  0.0000e+00,  0.0000e+00,  1.0000e+00]]])
2025-04-28T17:13:53.963165 - Final transform:
[[-0.95 -0.   -0.33  0.17]
 [ 0.16 -0.87 -0.46 -0.21]
 [-0.28 -0.49  0.83  1.09]
 [ 0.    0.    0.    1.  ]]
2025-04-28T17:13:53.963165 - Pose:
tensor([[[-0.9457, -0.0042, -0.3251,  0.0896],
         [ 0.1616, -0.8736, -0.4589, -0.1907],
         [-0.2821, -0.4866,  0.8269,  1.0762],
         [ 0.0000,  0.0000,  0.0000,  1.0000]]])
2025-04-28T17:13:54.030976 - Final transform:
[[-0.97 -0.01 -0.24  0.17]
 [ 0.12 -0.89 -0.44 -0.21]
 [-0.21 -0.45  0.87  1.09]
 [ 0.    0.    0.    1.  ]]
2025-04-28T17:13:54.030976 - Pose:
tensor([[[-0.9713, -0.0127, -0.2376,  0.0895],
         [ 0.1186, -0.8916, -0.4371, -0.1891],
         [-0.2062, -0.4527,  0.8675,  1.0815],
         [ 0.0000,  0.0000,  0.0000,  1.0000]]])
2025-04-28T17:13:54.100404 - Final transform:
[[-0.97  0.01 -0.23  0.17]
 [ 0.09 -0.89 -0.44 -0.21]
 [-0.21 -0.45  0.87  1.09]
 [ 0.    0.    0.    1.  ]]
2025-04-28T17:13:54.100404 - Pose:
tensor([[[-0.9742,  0.0087, -0.2256,  0.0889],
         [ 0.0945, -0.8920, -0.4420, -0.1899],
         [-0.2051, -0.4519,  0.8682,  1.0809],
         [ 0.0000,  0.0000,  0.0000,  1.0000]]])
2025-04-28T17:13:54.167955 - Final transform:
[[-0.98 -0.   -0.2   0.17]
 [ 0.09 -0.9  -0.43 -0.21]
 [-0.18 -0.44  0.88  1.09]
 [ 0.    0.    0.    1.  ]]
2025-04-28T17:13:54.167955 - Pose:
tensor([[[-0.9792, -0.0011, -0.2031,  0.0889],
         [ 0.0898, -0.8993, -0.4281, -0.1908],
         [-0.1822, -0.4374,  0.8806,  1.0820],
         [ 0.0000,  0.0000,  0.0000,  1.0000]]])
2025-04-28T17:13:54.237101 - Final transform:
[[-0.98  0.01 -0.2   0.17]
 [ 0.09 -0.89 -0.44 -0.2 ]
 [-0.18 -0.45  0.87  1.09]
 [ 0.    0.    0.    1.  ]]
2025-04-28T17:13:54.237101 - Pose:
tensor([[[-0.9798,  0.0057, -0.1997,  0.0890],
         [ 0.0853, -0.8918, -0.4442, -0.1891],
         [-0.1807, -0.4523,  0.8734,  1.0812],
         [ 0.0000,  0.0000,  0.0000,  1.0000]]])
2025-04-28T17:13:54.300780 - Final transform:
[[-0.97  0.   -0.22  0.17]
 [ 0.11 -0.88 -0.46 -0.21]
 [-0.2  -0.47  0.86  1.09]
 [ 0.    0.    0.    1.  ]]
2025-04-28T17:13:54.300780 - Pose:
tensor([[[-9.7456e-01,  9.6278e-04, -2.2411e-01,  8.8475e-02],
         [ 1.0509e-01, -8.8127e-01, -4.6078e-01, -1.9030e-01],
         [-1.9794e-01, -4.7261e-01,  8.5875e-01,  1.0792e+00],
         [ 0.0000e+00,  0.0000e+00,  0.0000e+00,  1.0000e+00]]])
2025-04-28T17:13:54.369063 - Final transform:
[[-0.98 -0.01 -0.18  0.17]
 [ 0.08 -0.9  -0.43 -0.21]
 [-0.16 -0.44  0.88  1.09]
 [ 0.    0.    0.    1.  ]]
2025-04-28T17:13:54.369063 - Pose:
tensor([[[-0.9841, -0.0056, -0.1773,  0.0889],
         [ 0.0832, -0.8975, -0.4331, -0.1915],
         [-0.1567, -0.4410,  0.8837,  1.0799],
         [ 0.0000,  0.0000,  0.0000,  1.0000]]])
2025-04-28T17:13:54.436297 - Final transform:
[[-0.99 -0.02 -0.17  0.17]
 [ 0.1  -0.88 -0.47 -0.21]
 [-0.14 -0.48  0.87  1.09]
 [ 0.    0.    0.    1.  ]]
2025-04-28T17:13:54.436297 - Pose:
tensor([[[-0.9857, -0.0168, -0.1674,  0.0890],
         [ 0.0952, -0.8761, -0.4727, -0.1907],
         [-0.1387, -0.4819,  0.8652,  1.0806],
         [ 0.0000,  0.0000,  0.0000,  1.0000]]])
2025-04-28T17:13:54.507245 - Final transform:
[[-0.99 -0.02 -0.15  0.17]
 [ 0.09 -0.89 -0.46 -0.21]
 [-0.12 -0.46  0.88  1.08]
 [ 0.    0.    0.    1.  ]]
2025-04-28T17:13:54.507245 - Pose:
tensor([[[-0.9886, -0.0185, -0.1495,  0.0892],
         [ 0.0857, -0.8854, -0.4569, -0.1938],
         [-0.1239, -0.4645,  0.8769,  1.0771],
         [ 0.0000,  0.0000,  0.0000,  1.0000]]])
2025-04-28T17:13:54.572998 - Final transform:
[[-0.98 -0.   -0.17  0.17]
 [ 0.08 -0.89 -0.45 -0.2 ]
 [-0.15 -0.45  0.88  1.09]
 [ 0.    0.    0.    1.  ]]
2025-04-28T17:13:54.572998 - Pose:
tensor([[[-9.8487e-01, -8.5031e-05, -1.7328e-01,  8.9314e-02],
         [ 7.8817e-02, -8.9079e-01, -4.4753e-01, -1.8962e-01],
         [-1.5432e-01, -4.5442e-01,  8.7732e-01,  1.0803e+00],
         [ 0.0000e+00,  0.0000e+00,  0.0000e+00,  1.0000e+00]]])
2025-04-28T17:13:54.643355 - Final transform:
[[-0.98  0.01 -0.22  0.17]
 [ 0.09 -0.89 -0.45 -0.21]
 [-0.2  -0.45  0.87  1.09]
 [ 0.    0.    0.    1.  ]]
2025-04-28T17:13:54.643355 - Pose:
tensor([[[-0.9765,  0.0076, -0.2153,  0.0892],
         [ 0.0913, -0.8905, -0.4457, -0.1904],
         [-0.1951, -0.4549,  0.8689,  1.0809],
         [ 0.0000,  0.0000,  0.0000,  1.0000]]])
2025-04-28T17:13:54.712081 - Final transform:
[[-0.97 -0.   -0.24  0.17]
 [ 0.11 -0.9  -0.43 -0.21]
 [-0.21 -0.44  0.87  1.09]
 [ 0.    0.    0.    1.  ]]
2025-04-28T17:13:54.712081 - Pose:
tensor([[[-0.9711, -0.0039, -0.2386,  0.0892],
         [ 0.1094, -0.8958, -0.4308, -0.1922],
         [-0.2120, -0.4444,  0.8703,  1.0802],
         [ 0.0000,  0.0000,  0.0000,  1.0000]]])
2025-04-28T17:13:54.778654 - Final transform:
[[-0.99 -0.01 -0.16  0.17]
 [ 0.08 -0.89 -0.45 -0.21]
 [-0.14 -0.45  0.88  1.09]
 [ 0.    0.    0.    1.  ]]
2025-04-28T17:13:54.778654 - Pose:
tensor([[[-0.9870, -0.0053, -0.1604,  0.0892],
         [ 0.0775, -0.8910, -0.4474, -0.1941],
         [-0.1405, -0.4541,  0.8798,  1.0792],
         [ 0.0000,  0.0000,  0.0000,  1.0000]]])
2025-04-28T17:13:54.844620 - Final transform:
[[-0.99 -0.   -0.15  0.17]
 [ 0.06 -0.91 -0.42 -0.21]
 [-0.13 -0.43  0.9   1.09]
 [ 0.    0.    0.    1.  ]]
2025-04-28T17:13:54.844620 - Pose:
tensor([[[-0.9893, -0.0021, -0.1457,  0.0892],
         [ 0.0638, -0.9051, -0.4204, -0.1942],
         [-0.1310, -0.4252,  0.8956,  1.0795],
         [ 0.0000,  0.0000,  0.0000,  1.0000]]])
2025-04-28T17:13:54.915021 - Final transform:
[[-0.98 -0.02 -0.18  0.17]
 [ 0.1  -0.87 -0.48 -0.21]
 [-0.15 -0.49  0.86  1.08]
 [ 0.    0.    0.    1.  ]]
2025-04-28T17:13:54.915021 - Pose:
tensor([[[-0.9835, -0.0187, -0.1799,  0.0891],
         [ 0.1049, -0.8694, -0.4829, -0.1899],
         [-0.1473, -0.4938,  0.8570,  1.0779],
         [ 0.0000,  0.0000,  0.0000,  1.0000]]])
2025-04-28T17:13:54.984575 - Final transform:
[[-0.98  0.   -0.21  0.17]
 [ 0.09 -0.89 -0.44 -0.21]
 [-0.19 -0.45  0.87  1.09]
 [ 0.    0.    0.    1.  ]]
2025-04-28T17:13:54.984575 - Pose:
tensor([[[-0.9778,  0.0021, -0.2095,  0.0889],
         [ 0.0926, -0.8925, -0.4414, -0.1922],
         [-0.1879, -0.4510,  0.8725,  1.0790],
         [ 0.0000,  0.0000,  0.0000,  1.0000]]])
2025-04-28T17:13:55.051209 - Final transform:
[[-0.99 -0.01 -0.14  0.17]
 [ 0.08 -0.89 -0.45 -0.21]
 [-0.12 -0.46  0.88  1.09]
 [ 0.    0.    0.    1.  ]]
2025-04-28T17:13:55.051209 - Pose:
tensor([[[-0.9895, -0.0123, -0.1443,  0.0891],
         [ 0.0772, -0.8878, -0.4537, -0.1913],
         [-0.1226, -0.4600,  0.8794,  1.0802],
         [ 0.0000,  0.0000,  0.0000,  1.0000]]])
2025-04-28T17:13:55.118124 - Final transform:
[[-0.99 -0.   -0.15  0.17]
 [ 0.07 -0.89 -0.45 -0.2 ]
 [-0.13 -0.45  0.88  1.09]
 [ 0.    0.    0.    1.  ]]
2025-04-28T17:13:55.118124 - Pose:
tensor([[[-0.9893, -0.0042, -0.1459,  0.0892],
         [ 0.0698, -0.8916, -0.4475, -0.1899],
         [-0.1282, -0.4529,  0.8823,  1.0809],
         [ 0.0000,  0.0000,  0.0000,  1.0000]]])
2025-04-28T17:13:55.189059 - Final transform:
[[-0.98  0.01 -0.21  0.17]
 [ 0.09 -0.89 -0.45 -0.21]
 [-0.19 -0.46  0.87  1.09]
 [ 0.    0.    0.    1.  ]]
2025-04-28T17:13:55.189059 - Pose:
tensor([[[-0.9782,  0.0055, -0.2075,  0.0892],
         [ 0.0905, -0.8884, -0.4502, -0.1898],
         [-0.1868, -0.4591,  0.8685,  1.0816],
         [ 0.0000,  0.0000,  0.0000,  1.0000]]])
2025-04-28T17:13:55.259137 - Final transform:
[[-0.97 -0.   -0.25  0.17]
 [ 0.11 -0.89 -0.45 -0.21]
 [-0.22 -0.46  0.86  1.09]
 [ 0.    0.    0.    1.  ]]
2025-04-28T17:13:55.259137 - Pose:
tensor([[[-9.6943e-01, -2.3040e-04, -2.4537e-01,  8.9175e-02],
         [ 1.1355e-01, -8.8691e-01, -4.4778e-01, -1.9020e-01],
         [-2.1752e-01, -4.6195e-01,  8.5982e-01,  1.0802e+00],
         [ 0.0000e+00,  0.0000e+00,  0.0000e+00,  1.0000e+00]]])
2025-04-28T17:13:55.326751 - Final transform:
[[-0.98 -0.01 -0.22  0.17]
 [ 0.12 -0.89 -0.45 -0.21]
 [-0.19 -0.46  0.87  1.09]
 [ 0.    0.    0.    1.  ]]
2025-04-28T17:13:55.326751 - Pose:
tensor([[[-0.9754, -0.0148, -0.2201,  0.0894],
         [ 0.1151, -0.8855, -0.4503, -0.1912],
         [-0.1882, -0.4645,  0.8654,  1.0807],
         [ 0.0000,  0.0000,  0.0000,  1.0000]]])
2025-04-28T17:13:55.393389 - Final transform:
[[-0.97 -0.   -0.25  0.17]
 [ 0.12 -0.88 -0.46 -0.21]
 [-0.22 -0.48  0.85  1.09]
 [ 0.    0.    0.    1.  ]]
2025-04-28T17:13:55.393389 - Pose:
tensor([[[-0.9673, -0.0033, -0.2537,  0.0893],
         [ 0.1243, -0.8778, -0.4625, -0.1934],
         [-0.2211, -0.4789,  0.8495,  1.0767],
         [ 0.0000,  0.0000,  0.0000,  1.0000]]])
2025-04-28T17:13:55.459917 - Final transform:
[[-0.98 -0.   -0.2   0.17]
 [ 0.09 -0.9  -0.43 -0.21]
 [-0.18 -0.44  0.88  1.09]
 [ 0.    0.    0.    1.  ]]
2025-04-28T17:13:55.459917 - Pose:
tensor([[[-0.9804, -0.0012, -0.1972,  0.0894],
         [ 0.0884, -0.8965, -0.4341, -0.1928],
         [-0.1762, -0.4430,  0.8790,  1.0787],
         [ 0.0000,  0.0000,  0.0000,  1.0000]]])
2025-04-28T17:13:55.526088 - Final transform:
[[-0.99 -0.01 -0.17  0.17]
 [ 0.08 -0.89 -0.44 -0.21]
 [-0.14 -0.45  0.88  1.09]
 [ 0.    0.    0.    1.  ]]
2025-04-28T17:13:55.526088 - Pose:
tensor([[[-0.9860, -0.0107, -0.1666,  0.0892],
         [ 0.0848, -0.8917, -0.4446, -0.1942],
         [-0.1438, -0.4525,  0.8801,  1.0794],
         [ 0.0000,  0.0000,  0.0000,  1.0000]]])
2025-04-28T17:13:55.594101 - Final transform:
[[-0.98 -0.   -0.22  0.17]
 [ 0.11 -0.87 -0.48 -0.21]
 [-0.19 -0.5   0.85  1.09]
 [ 0.    0.    0.    1.  ]]
2025-04-28T17:13:55.594101 - Pose:
tensor([[[-0.9763, -0.0050, -0.2163,  0.0888],
         [ 0.1113, -0.8688, -0.4825, -0.1909],
         [-0.1855, -0.4951,  0.8488,  1.0777],
         [ 0.0000,  0.0000,  0.0000,  1.0000]]])
2025-04-28T17:13:55.658014 - Final transform:
[[-0.99 -0.01 -0.16  0.17]
 [ 0.08 -0.89 -0.45 -0.21]
 [-0.14 -0.46  0.88  1.08]
 [ 0.    0.    0.    1.  ]]
2025-04-28T17:13:55.658014 - Pose:
tensor([[[-0.9866, -0.0096, -0.1627,  0.0893],
         [ 0.0835, -0.8871, -0.4540, -0.1929],
         [-0.1400, -0.4615,  0.8760,  1.0782],
         [ 0.0000,  0.0000,  0.0000,  1.0000]]])
2025-04-28T17:13:55.724573 - Final transform:
[[-0.97 -0.01 -0.23  0.17]
 [ 0.12 -0.87 -0.47 -0.21]
 [-0.19 -0.49  0.85  1.09]
 [ 0.    0.    0.    1.  ]]
2025-04-28T17:13:55.724573 - Pose:
tensor([[[-0.9742, -0.0083, -0.2257,  0.0892],
         [ 0.1173, -0.8726, -0.4742, -0.1921],
         [-0.1930, -0.4884,  0.8510,  1.0748],
         [ 0.0000,  0.0000,  0.0000,  1.0000]]])
2025-04-28T17:13:55.791342 - Final transform:
[[-0.97 -0.   -0.24  0.17]
 [ 0.11 -0.88 -0.45 -0.21]
 [-0.21 -0.47  0.86  1.09]
 [ 0.    0.    0.    1.  ]]
2025-04-28T17:13:55.791342 - Pose:
tensor([[[-9.7003e-01, -7.8327e-04, -2.4298e-01,  8.9021e-02],
         [ 1.1424e-01, -8.8405e-01, -4.5321e-01, -1.9101e-01],
         [-2.1445e-01, -4.6739e-01,  8.5765e-01,  1.0808e+00],
         [ 0.0000e+00,  0.0000e+00,  0.0000e+00,  1.0000e+00]]])
2025-04-28T17:13:55.857156 - Final transform:
[[-0.97 -0.01 -0.26  0.17]
 [ 0.13 -0.88 -0.46 -0.21]
 [-0.22 -0.48  0.85  1.09]
 [ 0.    0.    0.    1.  ]]
2025-04-28T17:13:55.857156 - Pose:
tensor([[[-0.9657, -0.0108, -0.2595,  0.0892],
         [ 0.1326, -0.8797, -0.4566, -0.1913],
         [-0.2234, -0.4753,  0.8510,  1.0786],
         [ 0.0000,  0.0000,  0.0000,  1.0000]]])
2025-04-28T17:13:55.925049 - Final transform:
[[-0.97 -0.   -0.23  0.17]
 [ 0.1  -0.89 -0.44 -0.21]
 [-0.2  -0.45  0.87  1.09]
 [ 0.    0.    0.    1.  ]]
2025-04-28T17:13:55.925049 - Pose:
tensor([[[-0.9739, -0.0026, -0.2270,  0.0893],
         [ 0.1048, -0.8920, -0.4397, -0.1898],
         [-0.2013, -0.4520,  0.8690,  1.0814],
         [ 0.0000,  0.0000,  0.0000,  1.0000]]])
2025-04-28T17:13:55.993643 - Final transform:
[[-0.97 -0.01 -0.23  0.17]
 [ 0.12 -0.87 -0.48 -0.21]
 [-0.19 -0.49  0.85  1.09]
 [ 0.    0.    0.    1.  ]]
2025-04-28T17:13:55.993643 - Pose:
tensor([[[-0.9736, -0.0106, -0.2280,  0.0895],
         [ 0.1215, -0.8699, -0.4780, -0.1923],
         [-0.1933, -0.4931,  0.8482,  1.0782],
         [ 0.0000,  0.0000,  0.0000,  1.0000]]])
2025-04-28T17:13:56.059411 - Final transform:
[[-0.99 -0.   -0.14  0.17]
 [ 0.06 -0.9  -0.44 -0.21]
 [-0.13 -0.44  0.89  1.09]
 [ 0.    0.    0.    1.  ]]
2025-04-28T17:13:56.059411 - Pose:
tensor([[[-9.8992e-01, -8.6817e-04, -1.4162e-01,  8.9028e-02],
         [ 6.3788e-02, -8.9555e-01, -4.4037e-01, -1.9330e-01],
         [-1.2645e-01, -4.4496e-01,  8.8658e-01,  1.0797e+00],
         [ 0.0000e+00,  0.0000e+00,  0.0000e+00,  1.0000e+00]]])
2025-04-28T17:13:56.126798 - Final transform:
[[-0.97  0.   -0.26  0.17]
 [ 0.12 -0.88 -0.46 -0.21]
 [-0.23 -0.48  0.85  1.09]
 [ 0.    0.    0.    1.  ]]
2025-04-28T17:13:56.126798 - Pose:
tensor([[[-0.9655,  0.0022, -0.2605,  0.0895],
         [ 0.1222, -0.8795, -0.4600, -0.1889],
         [-0.2301, -0.4759,  0.8488,  1.0809],
         [ 0.0000,  0.0000,  0.0000,  1.0000]]])
2025-04-28T17:13:56.191423 - Final transform:
[[-0.97  0.   -0.23  0.17]
 [ 0.1  -0.9  -0.43 -0.21]
 [-0.2  -0.44  0.87  1.09]
 [ 0.    0.    0.    1.  ]]
2025-04-28T17:13:56.191423 - Pose:
tensor([[[-0.9742,  0.0023, -0.2255,  0.0893],
         [ 0.0976, -0.8970, -0.4311, -0.1901],
         [-0.2033, -0.4420,  0.8737,  1.0811],
         [ 0.0000,  0.0000,  0.0000,  1.0000]]])
2025-04-28T17:13:56.257729 - Final transform:
[[-0.97 -0.01 -0.25  0.17]
 [ 0.12 -0.9  -0.43 -0.21]
 [-0.22 -0.44  0.87  1.09]
 [ 0.    0.    0.    1.  ]]
2025-04-28T17:13:56.257729 - Pose:
tensor([[[-0.9680, -0.0065, -0.2510,  0.0893],
         [ 0.1168, -0.8965, -0.4274, -0.1903],
         [-0.2222, -0.4430,  0.8686,  1.0816],
         [ 0.0000,  0.0000,  0.0000,  1.0000]]])
2025-04-28T17:13:56.324997 - Final transform:
[[-0.97 -0.01 -0.24  0.17]
 [ 0.11 -0.89 -0.44 -0.21]
 [-0.21 -0.46  0.87  1.09]
 [ 0.    0.    0.    1.  ]]
2025-04-28T17:13:56.324997 - Pose:
tensor([[[-0.9714, -0.0076, -0.2372,  0.0896],
         [ 0.1149, -0.8897, -0.4419, -0.1916],
         [-0.2076, -0.4565,  0.8652,  1.0810],
         [ 0.0000,  0.0000,  0.0000,  1.0000]]])
2025-04-28T17:13:56.392330 - Final transform:
[[-0.97 -0.01 -0.23  0.17]
 [ 0.12 -0.88 -0.46 -0.21]
 [-0.2  -0.48  0.86  1.09]
 [ 0.    0.    0.    1.  ]]
2025-04-28T17:13:56.392330 - Pose:
tensor([[[-0.9735, -0.0078, -0.2288,  0.0888],
         [ 0.1155, -0.8796, -0.4615, -0.1907],
         [-0.1976, -0.4756,  0.8572,  1.0804],
         [ 0.0000,  0.0000,  0.0000,  1.0000]]])
2025-04-28T17:13:56.461746 - Final transform:
[[-0.99 -0.01 -0.12  0.17]
 [ 0.06 -0.91 -0.4  -0.21]
 [-0.11 -0.41  0.91  1.08]
 [ 0.    0.    0.    1.  ]]
2025-04-28T17:13:56.461746 - Pose:
tensor([[[-0.9925, -0.0121, -0.1214,  0.0894],
         [ 0.0605, -0.9130, -0.4034, -0.1967],
         [-0.1060, -0.4078,  0.9069,  1.0802],
         [ 0.0000,  0.0000,  0.0000,  1.0000]]])
2025-04-28T17:13:56.529736 - Final transform:
[[-0.99 -0.   -0.16  0.17]
 [ 0.07 -0.89 -0.45 -0.21]
 [-0.14 -0.46  0.88  1.09]
 [ 0.    0.    0.    1.  ]]
2025-04-28T17:13:56.529736 - Pose:
tensor([[[-9.8721e-01, -7.0587e-04, -1.5945e-01,  8.9505e-02],
         [ 7.3735e-02, -8.8866e-01, -4.5259e-01, -1.9088e-01],
         [-1.4137e-01, -4.5856e-01,  8.7735e-01,  1.0804e+00],
         [ 0.0000e+00,  0.0000e+00,  0.0000e+00,  1.0000e+00]]])
2025-04-28T17:13:56.599864 - Final transform:
[[-0.98  0.   -0.22  0.17]
 [ 0.1  -0.89 -0.44 -0.21]
 [-0.19 -0.45  0.87  1.09]
 [ 0.    0.    0.    1.  ]]
2025-04-28T17:13:56.599864 - Pose:
tensor([[[-0.9766,  0.0017, -0.2153,  0.0894],
         [ 0.0962, -0.8912, -0.4433, -0.1909],
         [-0.1926, -0.4536,  0.8701,  1.0797],
         [ 0.0000,  0.0000,  0.0000,  1.0000]]])
2025-04-28T17:13:56.669177 - Final transform:
[[-0.99 -0.01 -0.16  0.17]
 [ 0.08 -0.9  -0.44 -0.21]
 [-0.14 -0.45  0.88  1.09]
 [ 0.    0.    0.    1.  ]]
2025-04-28T17:13:56.669177 - Pose:
tensor([[[-0.9873, -0.0108, -0.1584,  0.0890],
         [ 0.0802, -0.8952, -0.4385, -0.1916],
         [-0.1371, -0.4456,  0.8847,  1.0810],
         [ 0.0000,  0.0000,  0.0000,  1.0000]]])
2025-04-28T17:13:56.737141 - Final transform:
[[-0.99  0.   -0.17  0.17]
 [ 0.07 -0.89 -0.44 -0.2 ]
 [-0.15 -0.45  0.88  1.09]
 [ 0.    0.    0.    1.  ]]
2025-04-28T17:13:56.737141 - Pose:
tensor([[[-0.9862,  0.0041, -0.1658,  0.0886],
         [ 0.0705, -0.8944, -0.4416, -0.1896],
         [-0.1501, -0.4472,  0.8818,  1.0819],
         [ 0.0000,  0.0000,  0.0000,  1.0000]]])
2025-04-28T17:13:56.803936 - Final transform:
[[-0.97 -0.01 -0.25  0.17]
 [ 0.13 -0.89 -0.44 -0.21]
 [-0.22 -0.46  0.86  1.09]
 [ 0.    0.    0.    1.  ]]
2025-04-28T17:13:56.803936 - Pose:
tensor([[[-0.9670, -0.0101, -0.2546,  0.0888],
         [ 0.1256, -0.8882, -0.4419, -0.1899],
         [-0.2217, -0.4593,  0.8602,  1.0805],
         [ 0.0000,  0.0000,  0.0000,  1.0000]]])
2025-04-28T17:13:56.870889 - Final transform:
[[-0.98  0.   -0.21  0.17]
 [ 0.09 -0.89 -0.44 -0.21]
 [-0.19 -0.45  0.87  1.09]
 [ 0.    0.    0.    1.  ]]
2025-04-28T17:13:56.870889 - Pose:
tensor([[[-0.9778,  0.0013, -0.2098,  0.0894],
         [ 0.0934, -0.8926, -0.4410, -0.1903],
         [-0.1878, -0.4508,  0.8727,  1.0820],
         [ 0.0000,  0.0000,  0.0000,  1.0000]]])
2025-04-28T17:13:56.937103 - Final transform:
[[-0.98  0.01 -0.19  0.17]
 [ 0.08 -0.9  -0.43 -0.2 ]
 [-0.18 -0.44  0.88  1.09]
 [ 0.    0.    0.    1.  ]]
2025-04-28T17:13:56.937103 - Pose:
tensor([[[-0.9814,  0.0074, -0.1920,  0.0892],
         [ 0.0771, -0.9002, -0.4286, -0.1887],
         [-0.1760, -0.4354,  0.8829,  1.0810],
         [ 0.0000,  0.0000,  0.0000,  1.0000]]])
2025-04-28T17:13:57.003375 - Final transform:
[[-0.97 -0.   -0.25  0.17]
 [ 0.11 -0.89 -0.44 -0.21]
 [-0.22 -0.45  0.86  1.09]
 [ 0.    0.    0.    1.  ]]
2025-04-28T17:13:57.003375 - Pose:
tensor([[[-0.9695, -0.0024, -0.2453,  0.0891],
         [ 0.1134, -0.8910, -0.4395, -0.1906],
         [-0.2175, -0.4539,  0.8641,  1.0811],
         [ 0.0000,  0.0000,  0.0000,  1.0000]]])
2025-04-28T17:13:57.070348 - Final transform:
[[-0.95  0.   -0.3   0.17]
 [ 0.14 -0.89 -0.44 -0.21]
 [-0.27 -0.46  0.85  1.1 ]
 [ 0.    0.    0.    1.  ]]
2025-04-28T17:13:57.070348 - Pose:
tensor([[[-0.9545,  0.0016, -0.2983,  0.0895],
         [ 0.1367, -0.8865, -0.4422, -0.1893],
         [-0.2652, -0.4628,  0.8459,  1.0806],
         [ 0.0000,  0.0000,  0.0000,  1.0000]]])
2025-04-28T17:13:57.139876 - Final transform:
[[-0.95 -0.01 -0.31  0.17]
 [ 0.16 -0.89 -0.43 -0.21]
 [-0.27 -0.46  0.84  1.1 ]
 [ 0.    0.    0.    1.  ]]
2025-04-28T17:13:57.139876 - Pose:
tensor([[[-0.9495, -0.0127, -0.3136,  0.0899],
         [ 0.1551, -0.8877, -0.4336, -0.1907],
         [-0.2729, -0.4603,  0.8448,  1.0804],
         [ 0.0000,  0.0000,  0.0000,  1.0000]]])
2025-04-28T17:13:57.208447 - Final transform:
[[-0.97 -0.01 -0.25  0.17]
 [ 0.12 -0.89 -0.44 -0.21]
 [-0.22 -0.46  0.86  1.1 ]
 [ 0.    0.    0.    1.  ]]
2025-04-28T17:13:57.208447 - Pose:
tensor([[[-0.9683, -0.0088, -0.2497,  0.0894],
         [ 0.1224, -0.8879, -0.4434, -0.1888],
         [-0.2178, -0.4599,  0.8608,  1.0828],
         [ 0.0000,  0.0000,  0.0000,  1.0000]]])
2025-04-28T17:13:57.276602 - Final transform:
[[-0.98 -0.01 -0.2   0.17]
 [ 0.1  -0.89 -0.45 -0.21]
 [-0.18 -0.46  0.87  1.09]
 [ 0.    0.    0.    1.  ]]
2025-04-28T17:13:57.276602 - Pose:
tensor([[[-0.9791, -0.0072, -0.2030,  0.0893],
         [ 0.1002, -0.8866, -0.4516, -0.1901],
         [-0.1767, -0.4625,  0.8688,  1.0814],
         [ 0.0000,  0.0000,  0.0000,  1.0000]]])
2025-04-28T17:13:57.348197 - Final transform:
[[-0.98 -0.   -0.22  0.17]
 [ 0.11 -0.89 -0.45 -0.21]
 [-0.19 -0.47  0.86  1.09]
 [ 0.    0.    0.    1.  ]]
2025-04-28T17:13:57.348197 - Pose:
tensor([[[-0.9757, -0.0035, -0.2191,  0.0890],
         [ 0.1050, -0.8850, -0.4536, -0.1918],
         [-0.1923, -0.4656,  0.8639,  1.0791],
         [ 0.0000,  0.0000,  0.0000,  1.0000]]])
2025-04-28T17:13:57.418962 - Final transform:
[[-0.96 -0.   -0.27  0.17]
 [ 0.13 -0.89 -0.44 -0.21]
 [-0.24 -0.46  0.86  1.09]
 [ 0.    0.    0.    1.  ]]
2025-04-28T17:13:57.418962 - Pose:
tensor([[[-9.6149e-01, -9.3340e-04, -2.7485e-01,  8.9405e-02],
         [ 1.2657e-01, -8.8915e-01, -4.3976e-01, -1.9029e-01],
         [-2.4397e-01, -4.5761e-01,  8.5503e-01,  1.0802e+00],
         [ 0.0000e+00,  0.0000e+00,  0.0000e+00,  1.0000e+00]]])
2025-04-28T17:13:57.487986 - Final transform:
[[-0.97 -0.02 -0.24  0.17]
 [ 0.13 -0.89 -0.44 -0.21]
 [-0.21 -0.46  0.86  1.09]
 [ 0.    0.    0.    1.  ]]
2025-04-28T17:13:57.487986 - Pose:
tensor([[[-0.9702, -0.0176, -0.2418,  0.0895],
         [ 0.1265, -0.8876, -0.4429, -0.1909],
         [-0.2068, -0.4603,  0.8634,  1.0829],
         [ 0.0000,  0.0000,  0.0000,  1.0000]]])
2025-04-28T17:13:57.555380 - Final transform:
[[-0.97  0.   -0.24  0.17]
 [ 0.11 -0.89 -0.44 -0.21]
 [-0.21 -0.45  0.87  1.09]
 [ 0.    0.    0.    1.  ]]
2025-04-28T17:13:57.555380 - Pose:
tensor([[[-9.7184e-01,  3.8777e-04, -2.3562e-01,  8.9208e-02],
         [ 1.0539e-01, -8.9368e-01, -4.3616e-01, -1.9027e-01],
         [-2.1074e-01, -4.4871e-01,  8.6847e-01,  1.0816e+00],
         [ 0.0000e+00,  0.0000e+00,  0.0000e+00,  1.0000e+00]]])
2025-04-28T17:13:57.625036 - Final transform:
[[-0.99 -0.01 -0.13  0.17]
 [ 0.06 -0.91 -0.42 -0.21]
 [-0.12 -0.42  0.9   1.09]
 [ 0.    0.    0.    1.  ]]
2025-04-28T17:13:57.625036 - Pose:
tensor([[[-0.9910, -0.0056, -0.1337,  0.0892],
         [ 0.0616, -0.9063, -0.4181, -0.1924],
         [-0.1189, -0.4226,  0.8985,  1.0810],
         [ 0.0000,  0.0000,  0.0000,  1.0000]]])
2025-04-28T17:13:57.697225 - Final transform:
[[-0.99 -0.01 -0.11  0.17]
 [ 0.06 -0.9  -0.44 -0.21]
 [-0.1  -0.45  0.89  1.08]
 [ 0.    0.    0.    1.  ]]
2025-04-28T17:13:57.697225 - Pose:
tensor([[[-0.9935, -0.0105, -0.1134,  0.0894],
         [ 0.0598, -0.8954, -0.4413, -0.1928],
         [-0.0969, -0.4452,  0.8902,  1.0808],
         [ 0.0000,  0.0000,  0.0000,  1.0000]]])
2025-04-28T17:13:57.767724 - Final transform:
[[-0.97  0.   -0.26  0.17]
 [ 0.12 -0.88 -0.46 -0.21]
 [-0.23 -0.48  0.85  1.09]
 [ 0.    0.    0.    1.  ]]
2025-04-28T17:13:57.767724 - Pose:
tensor([[[-0.9665,  0.0036, -0.2567,  0.0889],
         [ 0.1201, -0.8773, -0.4646, -0.1894],
         [-0.2269, -0.4799,  0.8475,  1.0807],
         [ 0.0000,  0.0000,  0.0000,  1.0000]]])
2025-04-28T17:13:57.837759 - Final transform:
[[-0.97  0.   -0.24  0.17]
 [ 0.11 -0.89 -0.45 -0.21]
 [-0.21 -0.46  0.86  1.09]
 [ 0.    0.    0.    1.  ]]
2025-04-28T17:13:57.837759 - Pose:
tensor([[[-0.9715,  0.0034, -0.2368,  0.0891],
         [ 0.1062, -0.8876, -0.4481, -0.1899],
         [-0.2117, -0.4605,  0.8620,  1.0806],
         [ 0.0000,  0.0000,  0.0000,  1.0000]]])
2025-04-28T17:13:57.906921 - Final transform:
[[-0.97 -0.01 -0.25  0.17]
 [ 0.12 -0.88 -0.46 -0.21]
 [-0.22 -0.48  0.85  1.09]
 [ 0.    0.    0.    1.  ]]
2025-04-28T17:13:57.906921 - Pose:
tensor([[[-0.9685, -0.0051, -0.2489,  0.0892],
         [ 0.1237, -0.8775, -0.4633, -0.1909],
         [-0.2161, -0.4795,  0.8505,  1.0811],
         [ 0.0000,  0.0000,  0.0000,  1.0000]]])
2025-04-28T17:13:57.972411 - Final transform:
[[-0.97 -0.01 -0.22  0.17]
 [ 0.11 -0.89 -0.45 -0.21]
 [-0.19 -0.46  0.86  1.09]
 [ 0.    0.    0.    1.  ]]
2025-04-28T17:13:57.972411 - Pose:
tensor([[[-0.9750, -0.0065, -0.2222,  0.0899],
         [ 0.1086, -0.8862, -0.4504, -0.1907],
         [-0.1940, -0.4633,  0.8647,  1.0815],
         [ 0.0000,  0.0000,  0.0000,  1.0000]]])
2025-04-28T17:13:58.038243 - Final transform:
[[-0.98  0.01 -0.22  0.17]
 [ 0.09 -0.89 -0.44 -0.21]
 [-0.2  -0.45  0.87  1.09]
 [ 0.    0.    0.    1.  ]]
2025-04-28T17:13:58.038243 - Pose:
tensor([[[-0.9755,  0.0051, -0.2199,  0.0895],
         [ 0.0940, -0.8941, -0.4379, -0.1896],
         [-0.1989, -0.4479,  0.8717,  1.0827],
         [ 0.0000,  0.0000,  0.0000,  1.0000]]])
2025-04-28T17:13:58.103900 - Final transform:
[[-0.99 -0.01 -0.14  0.17]
 [ 0.07 -0.9  -0.43 -0.21]
 [-0.12 -0.44  0.89  1.09]
 [ 0.    0.    0.    1.  ]]
2025-04-28T17:13:58.103900 - Pose:
tensor([[[-0.9897, -0.0084, -0.1430,  0.0893],
         [ 0.0703, -0.8983, -0.4337, -0.1911],
         [-0.1248, -0.4392,  0.8897,  1.0811],
         [ 0.0000,  0.0000,  0.0000,  1.0000]]])
2025-04-28T17:13:58.170388 - Final transform:
[[-0.99  0.   -0.17  0.17]
 [ 0.08 -0.88 -0.46 -0.2 ]
 [-0.15 -0.47  0.87  1.09]
 [ 0.    0.    0.    1.  ]]
2025-04-28T17:13:58.170388 - Pose:
tensor([[[-9.8608e-01,  9.2700e-04, -1.6630e-01,  8.8627e-02],
         [ 7.7018e-02, -8.8373e-01, -4.6161e-01, -1.8971e-01],
         [-1.4739e-01, -4.6799e-01,  8.7136e-01,  1.0806e+00],
         [ 0.0000e+00,  0.0000e+00,  0.0000e+00,  1.0000e+00]]])
2025-04-28T17:13:58.235545 - Final transform:
[[-0.99 -0.   -0.17  0.17]
 [ 0.08 -0.89 -0.45 -0.21]
 [-0.15 -0.46  0.87  1.09]
 [ 0.    0.    0.    1.  ]]
2025-04-28T17:13:58.235545 - Pose:
tensor([[[-0.9860, -0.0044, -0.1667,  0.0896],
         [ 0.0808, -0.8871, -0.4545, -0.1900],
         [-0.1459, -0.4616,  0.8750,  1.0815],
         [ 0.0000,  0.0000,  0.0000,  1.0000]]])
2025-04-28T17:13:58.302345 - Final transform:
[[-0.97 -0.01 -0.24  0.17]
 [ 0.13 -0.88 -0.46 -0.21]
 [-0.21 -0.48  0.85  1.09]
 [ 0.    0.    0.    1.  ]]
2025-04-28T17:13:58.302345 - Pose:
tensor([[[-0.9701, -0.0135, -0.2422,  0.0892],
         [ 0.1272, -0.8783, -0.4609, -0.1918],
         [-0.2065, -0.4780,  0.8538,  1.0800],
         [ 0.0000,  0.0000,  0.0000,  1.0000]]])
2025-04-28T17:13:58.369448 - Final transform:
[[-0.97 -0.   -0.23  0.17]
 [ 0.12 -0.87 -0.47 -0.21]
 [-0.2  -0.49  0.85  1.09]
 [ 0.    0.    0.    1.  ]]
2025-04-28T17:13:58.369448 - Pose:
tensor([[[-0.9723, -0.0041, -0.2339,  0.0889],
         [ 0.1174, -0.8734, -0.4727, -0.1910],
         [-0.2024, -0.4871,  0.8496,  1.0779],
         [ 0.0000,  0.0000,  0.0000,  1.0000]]])
2025-04-28T17:13:58.437662 - Final transform:
[[-0.96  0.01 -0.27  0.17]
 [ 0.12 -0.88 -0.45 -0.21]
 [-0.25 -0.47  0.85  1.1 ]
 [ 0.    0.    0.    1.  ]]
2025-04-28T17:13:58.437662 - Pose:
tensor([[[-0.9617,  0.0122, -0.2739,  0.0891],
         [ 0.1173, -0.8848, -0.4511, -0.1883],
         [-0.2478, -0.4659,  0.8494,  1.0813],
         [ 0.0000,  0.0000,  0.0000,  1.0000]]])
2025-04-28T17:13:58.506018 - Final transform:
[[-0.98 -0.01 -0.22  0.17]
 [ 0.11 -0.88 -0.45 -0.21]
 [-0.19 -0.47  0.86  1.09]
 [ 0.    0.    0.    1.  ]]
2025-04-28T17:13:58.506018 - Pose:
tensor([[[-0.9755, -0.0064, -0.2201,  0.0893],
         [ 0.1080, -0.8850, -0.4530, -0.1912],
         [-0.1919, -0.4656,  0.8639,  1.0805],
         [ 0.0000,  0.0000,  0.0000,  1.0000]]])
2025-04-28T17:13:58.579128 - Final transform:
[[-0.97  0.01 -0.22  0.17]
 [ 0.09 -0.89 -0.44 -0.2 ]
 [-0.2  -0.45  0.87  1.09]
 [ 0.    0.    0.    1.  ]]
2025-04-28T17:13:58.579128 - Pose:
tensor([[[-0.9748,  0.0081, -0.2229,  0.0886],
         [ 0.0935, -0.8924, -0.4414, -0.1883],
         [-0.2025, -0.4511,  0.8692,  1.0811],
         [ 0.0000,  0.0000,  0.0000,  1.0000]]])
2025-04-28T17:13:58.646415 - Final transform:
[[-0.98  0.   -0.2   0.17]
 [ 0.09 -0.9  -0.44 -0.2 ]
 [-0.18 -0.45  0.88  1.09]
 [ 0.    0.    0.    1.  ]]
2025-04-28T17:13:58.646415 - Pose:
tensor([[[-0.9803,  0.0020, -0.1977,  0.0888],
         [ 0.0864, -0.8950, -0.4376, -0.1882],
         [-0.1778, -0.4460,  0.8772,  1.0820],
         [ 0.0000,  0.0000,  0.0000,  1.0000]]])
2025-04-28T17:13:58.713230 - Final transform:
[[-0.97  0.01 -0.25  0.17]
 [ 0.11 -0.89 -0.44 -0.21]
 [-0.23 -0.45  0.86  1.1 ]
 [ 0.    0.    0.    1.  ]]
2025-04-28T17:13:58.713230 - Pose:
tensor([[[-0.9673,  0.0070, -0.2536,  0.0890],
         [ 0.1092, -0.8907, -0.4412, -0.1907],
         [-0.2290, -0.4545,  0.8608,  1.0815],
         [ 0.0000,  0.0000,  0.0000,  1.0000]]])
2025-04-28T17:13:58.779365 - Final transform:
[[-0.97 -0.   -0.24  0.17]
 [ 0.11 -0.89 -0.45 -0.21]
 [-0.21 -0.46  0.86  1.09]
 [ 0.    0.    0.    1.  ]]
2025-04-28T17:13:58.779365 - Pose:
tensor([[[-0.9714, -0.0045, -0.2376,  0.0895],
         [ 0.1130, -0.8882, -0.4454, -0.1904],
         [-0.2090, -0.4595,  0.8632,  1.0824],
         [ 0.0000,  0.0000,  0.0000,  1.0000]]])
2025-04-28T17:13:58.846998 - Final transform:
[[-0.99 -0.01 -0.16  0.17]
 [ 0.08 -0.89 -0.44 -0.21]
 [-0.13 -0.45  0.88  1.09]
 [ 0.    0.    0.    1.  ]]
2025-04-28T17:13:58.846998 - Pose:
tensor([[[-0.9878, -0.0123, -0.1550,  0.0891],
         [ 0.0805, -0.8932, -0.4423, -0.1915],
         [-0.1331, -0.4494,  0.8834,  1.0801],
         [ 0.0000,  0.0000,  0.0000,  1.0000]]])
2025-04-28T17:13:58.914129 - Final transform:
[[-0.97  0.01 -0.25  0.17]
 [ 0.11 -0.89 -0.44 -0.21]
 [-0.23 -0.46  0.86  1.09]
 [ 0.    0.    0.    1.  ]]
2025-04-28T17:13:58.914129 - Pose:
tensor([[[-0.9676,  0.0064, -0.2525,  0.0894],
         [ 0.1102, -0.8888, -0.4449, -0.1909],
         [-0.2273, -0.4583,  0.8592,  1.0813],
         [ 0.0000,  0.0000,  0.0000,  1.0000]]])
2025-04-28T17:13:58.982551 - Final transform:
[[-0.96  0.01 -0.27  0.17]
 [ 0.12 -0.89 -0.45 -0.21]
 [-0.24 -0.46  0.85  1.1 ]
 [ 0.    0.    0.    1.  ]]
2025-04-28T17:13:58.982551 - Pose:
tensor([[[-0.9636,  0.0073, -0.2674,  0.0890],
         [ 0.1170, -0.8873, -0.4460, -0.1891],
         [-0.2405, -0.4611,  0.8541,  1.0809],
         [ 0.0000,  0.0000,  0.0000,  1.0000]]])
2025-04-28T17:13:59.048520 - Final transform:
[[-0.98 -0.02 -0.17  0.17]
 [ 0.1  -0.89 -0.45 -0.21]
 [-0.14 -0.46  0.88  1.09]
 [ 0.    0.    0.    1.  ]]
2025-04-28T17:13:59.048520 - Pose:
tensor([[[-0.9848, -0.0222, -0.1725,  0.0890],
         [ 0.0981, -0.8900, -0.4453, -0.1927],
         [-0.1436, -0.4554,  0.8786,  1.0795],
         [ 0.0000,  0.0000,  0.0000,  1.0000]]])
2025-04-28T17:13:59.114274 - Final transform:
[[-0.99 -0.   -0.14  0.17]
 [ 0.07 -0.89 -0.44 -0.21]
 [-0.12 -0.45  0.89  1.09]
 [ 0.    0.    0.    1.  ]]
2025-04-28T17:13:59.114274 - Pose:
tensor([[[-0.9906, -0.0049, -0.1365,  0.0895],
         [ 0.0653, -0.8947, -0.4419, -0.1925],
         [-0.1200, -0.4467,  0.8866,  1.0816],
         [ 0.0000,  0.0000,  0.0000,  1.0000]]])
2025-04-28T17:13:59.180720 - Final transform:
[[-0.98 -0.   -0.19  0.17]
 [ 0.09 -0.88 -0.46 -0.21]
 [-0.17 -0.47  0.87  1.09]
 [ 0.    0.    0.    1.  ]]
2025-04-28T17:13:59.180720 - Pose:
tensor([[[-9.8186e-01, -7.7760e-04, -1.8962e-01,  8.9034e-02],
         [ 8.9427e-02, -8.8370e-01, -4.5943e-01, -1.9075e-01],
         [-1.6721e-01, -4.6805e-01,  8.6774e-01,  1.0798e+00],
         [ 0.0000e+00,  0.0000e+00,  0.0000e+00,  1.0000e+00]]])
2025-04-28T17:13:59.246500 - Final transform:
[[-0.97  0.   -0.25  0.17]
 [ 0.12 -0.88 -0.45 -0.21]
 [-0.22 -0.47  0.86  1.09]
 [ 0.    0.    0.    1.  ]]
2025-04-28T17:13:59.246500 - Pose:
tensor([[[-9.6759e-01,  1.0552e-03, -2.5252e-01,  8.9208e-02],
         [ 1.1673e-01, -8.8486e-01, -4.5099e-01, -1.9126e-01],
         [-2.2392e-01, -4.6585e-01,  8.5606e-01,  1.0810e+00],
         [ 0.0000e+00,  0.0000e+00,  0.0000e+00,  1.0000e+00]]])
2025-04-28T17:13:59.314075 - Final transform:
[[-0.99 -0.03 -0.13  0.17]
 [ 0.08 -0.89 -0.45 -0.21]
 [-0.11 -0.46  0.88  1.08]
 [ 0.    0.    0.    1.  ]]
2025-04-28T17:13:59.314075 - Pose:
tensor([[[-0.9907, -0.0257, -0.1336,  0.0894],
         [ 0.0840, -0.8879, -0.4522, -0.1909],
         [-0.1070, -0.4593,  0.8818,  1.0805],
         [ 0.0000,  0.0000,  0.0000,  1.0000]]])
2025-04-28T17:13:59.380813 - Final transform:
[[-0.98  0.   -0.19  0.17]
 [ 0.09 -0.89 -0.45 -0.21]
 [-0.17 -0.46  0.87  1.09]
 [ 0.    0.    0.    1.  ]]
2025-04-28T17:13:59.380813 - Pose:
tensor([[[-9.8194e-01,  1.0442e-03, -1.8918e-01,  8.9597e-02],
         [ 8.5350e-02, -8.8999e-01, -4.4792e-01, -1.9092e-01],
         [-1.6884e-01, -4.5598e-01,  8.7383e-01,  1.0820e+00],
         [ 0.0000e+00,  0.0000e+00,  0.0000e+00,  1.0000e+00]]])
2025-04-28T17:13:59.447606 - Final transform:
[[-0.99 -0.02 -0.16  0.17]
 [ 0.09 -0.89 -0.45 -0.21]
 [-0.14 -0.46  0.88  1.09]
 [ 0.    0.    0.    1.  ]]
2025-04-28T17:13:59.447606 - Pose:
tensor([[[-0.9868, -0.0184, -0.1612,  0.0895],
         [ 0.0897, -0.8895, -0.4480, -0.1928],
         [-0.1351, -0.4566,  0.8794,  1.0798],
         [ 0.0000,  0.0000,  0.0000,  1.0000]]])
2025-04-28T17:13:59.513831 - Final transform:
[[-0.97  0.01 -0.23  0.17]
 [ 0.1  -0.89 -0.45 -0.21]
 [-0.2  -0.46  0.86  1.09]
 [ 0.    0.    0.    1.  ]]
2025-04-28T17:13:59.513831 - Pose:
tensor([[[-0.9740,  0.0073, -0.2263,  0.0892],
         [ 0.0980, -0.8875, -0.4504, -0.1928],
         [-0.2042, -0.4608,  0.8637,  1.0809],
         [ 0.0000,  0.0000,  0.0000,  1.0000]]])
2025-04-28T17:13:59.580488 - Final transform:
[[-0.99 -0.   -0.17  0.17]
 [ 0.08 -0.89 -0.45 -0.21]
 [-0.15 -0.45  0.88  1.09]
 [ 0.    0.    0.    1.  ]]
2025-04-28T17:13:59.580488 - Pose:
tensor([[[-0.9862, -0.0048, -0.1657,  0.0888],
         [ 0.0794, -0.8913, -0.4463, -0.1910],
         [-0.1455, -0.4533,  0.8794,  1.0817],
         [ 0.0000,  0.0000,  0.0000,  1.0000]]])
2025-04-28T17:13:59.648784 - Final transform:
[[-0.98 -0.01 -0.19  0.17]
 [ 0.09 -0.88 -0.46 -0.21]
 [-0.16 -0.47  0.87  1.09]
 [ 0.    0.    0.    1.  ]]
2025-04-28T17:13:59.648784 - Pose:
tensor([[[-0.9819, -0.0059, -0.1895,  0.0891],
         [ 0.0941, -0.8828, -0.4603, -0.1911],
         [-0.1646, -0.4698,  0.8673,  1.0808],
         [ 0.0000,  0.0000,  0.0000,  1.0000]]])
2025-04-28T17:13:59.714266 - Final transform:
[[-0.98 -0.   -0.21  0.17]
 [ 0.1  -0.89 -0.44 -0.21]
 [-0.19 -0.45  0.87  1.09]
 [ 0.    0.    0.    1.  ]]
2025-04-28T17:13:59.714266 - Pose:
tensor([[[-9.7666e-01, -3.6810e-04, -2.1479e-01,  8.9270e-02],
         [ 9.7414e-02, -8.9199e-01, -4.4143e-01, -1.8980e-01],
         [-1.9142e-01, -4.5205e-01,  8.7121e-01,  1.0803e+00],
         [ 0.0000e+00,  0.0000e+00,  0.0000e+00,  1.0000e+00]]])
2025-04-28T17:13:59.780948 - Final transform:
[[-0.98  0.01 -0.19  0.17]
 [ 0.08 -0.89 -0.45 -0.2 ]
 [-0.18 -0.45  0.87  1.09]
 [ 0.    0.    0.    1.  ]]
2025-04-28T17:13:59.780948 - Pose:
tensor([[[-0.9808,  0.0099, -0.1948,  0.0893],
         [ 0.0796, -0.8915, -0.4460, -0.1897],
         [-0.1780, -0.4529,  0.8736,  1.0806],
         [ 0.0000,  0.0000,  0.0000,  1.0000]]])
2025-04-28T17:13:59.848836 - Final transform:
[[-0.97 -0.01 -0.23  0.17]
 [ 0.11 -0.88 -0.46 -0.21]
 [-0.2  -0.47  0.86  1.09]
 [ 0.    0.    0.    1.  ]]
2025-04-28T17:13:59.848836 - Pose:
tensor([[[-0.9740, -0.0057, -0.2263,  0.0886],
         [ 0.1119, -0.8813, -0.4592, -0.1908],
         [-0.1969, -0.4726,  0.8590,  1.0794],
         [ 0.0000,  0.0000,  0.0000,  1.0000]]])
2025-04-28T17:13:59.915712 - Final transform:
[[-0.97 -0.   -0.23  0.17]
 [ 0.11 -0.89 -0.45 -0.21]
 [-0.2  -0.46  0.86  1.09]
 [ 0.    0.    0.    1.  ]]
2025-04-28T17:13:59.915712 - Pose:
tensor([[[-0.9727, -0.0046, -0.2319,  0.0887],
         [ 0.1110, -0.8872, -0.4479, -0.1907],
         [-0.2037, -0.4614,  0.8635,  1.0794],
         [ 0.0000,  0.0000,  0.0000,  1.0000]]])
2025-04-28T17:13:59.989774 - Final transform:
[[-0.97  0.01 -0.24  0.17]
 [ 0.1  -0.89 -0.44 -0.21]
 [-0.22 -0.45  0.87  1.1 ]
 [ 0.    0.    0.    1.  ]]
2025-04-28T17:13:59.989774 - Pose:
tensor([[[-0.9698,  0.0053, -0.2440,  0.0890],
         [ 0.1050, -0.8935, -0.4366, -0.1895],
         [-0.2203, -0.4490,  0.8660,  1.0822],
         [ 0.0000,  0.0000,  0.0000,  1.0000]]])
