2025-03-20T15:25:00.922612 - Final transform:
[[-0.12 -0.98  0.14 -0.12]
 [ 0.43  0.08  0.9   0.  ]
 [-0.89  0.17  0.42  0.73]
 [ 0.    0.    0.    1.  ]]
2025-03-20T15:25:00.922612 - Pose:
tensor([[[-0.1158, -0.9830,  0.1423, -0.1209],
         [ 0.4321,  0.0791,  0.8983,  0.0033],
         [-0.8943,  0.1655,  0.4156,  0.7358],
         [ 0.0000,  0.0000,  0.0000,  1.0000]]])
2025-03-20T15:25:00.989904 - Final transform:
[[-0.13 -0.98  0.16 -0.12]
 [ 0.4   0.1   0.91  0.  ]
 [-0.91  0.18  0.38  0.74]
 [ 0.    0.    0.    1.  ]]
2025-03-20T15:25:00.989904 - Pose:
tensor([[[-0.1277, -0.9790,  0.1587, -0.1211],
         [ 0.3985,  0.0959,  0.9121,  0.0049],
         [-0.9082,  0.1797,  0.3779,  0.7376],
         [ 0.0000,  0.0000,  0.0000,  1.0000]]])
2025-03-20T15:25:01.056153 - Final transform:
[[-0.15 -0.98  0.16 -0.12]
 [ 0.42  0.09  0.9   0.  ]
 [-0.9   0.2   0.4   0.74]
 [ 0.    0.    0.    1.  ]]
2025-03-20T15:25:01.056153 - Pose:
tensor([[[-0.1467, -0.9755,  0.1637, -0.1215],
         [ 0.4188,  0.0887,  0.9037,  0.0034],
         [-0.8961,  0.2011,  0.3956,  0.7390],
         [ 0.0000,  0.0000,  0.0000,  1.0000]]])
2025-03-20T15:25:01.121927 - Final transform:
[[-0.14 -0.98  0.16 -0.12]
 [ 0.4   0.09  0.91  0.  ]
 [-0.91  0.19  0.37  0.74]
 [ 0.    0.    0.    1.  ]]
2025-03-20T15:25:01.121927 - Pose:
tensor([[[-0.1405, -0.9772,  0.1590, -0.1214],
         [ 0.3968,  0.0916,  0.9133,  0.0034],
         [-0.9071,  0.1914,  0.3749,  0.7376],
         [ 0.0000,  0.0000,  0.0000,  1.0000]]])
2025-03-20T15:25:01.192552 - Final transform:
[[-0.14 -0.98  0.15 -0.12]
 [ 0.42  0.08  0.9   0.  ]
 [-0.9   0.19  0.4   0.73]
 [ 0.    0.    0.    1.  ]]
2025-03-20T15:25:01.192552 - Pose:
tensor([[[-0.1412, -0.9785,  0.1501, -0.1208],
         [ 0.4216,  0.0778,  0.9035,  0.0032],
         [-0.8957,  0.1908,  0.4015,  0.7364],
         [ 0.0000,  0.0000,  0.0000,  1.0000]]])
2025-03-20T15:25:01.261874 - Final transform:
[[-0.12 -0.98  0.16 -0.12]
 [ 0.41  0.1   0.91  0.  ]
 [-0.91  0.17  0.39  0.74]
 [ 0.    0.    0.    1.  ]]
2025-03-20T15:25:01.261874 - Pose:
tensor([[[-0.1204, -0.9801,  0.1576, -0.1213],
         [ 0.4077,  0.0959,  0.9081,  0.0036],
         [-0.9052,  0.1735,  0.3881,  0.7376],
         [ 0.0000,  0.0000,  0.0000,  1.0000]]])
2025-03-20T15:25:01.327398 - Final transform:
[[-0.13 -0.98  0.15 -0.12]
 [ 0.38  0.09  0.92  0.  ]
 [-0.92  0.17  0.36  0.74]
 [ 0.    0.    0.    1.  ]]
2025-03-20T15:25:01.327398 - Pose:
tensor([[[-0.1260, -0.9803,  0.1520, -0.1213],
         [ 0.3815,  0.0936,  0.9196,  0.0032],
         [-0.9158,  0.1739,  0.3622,  0.7386],
         [ 0.0000,  0.0000,  0.0000,  1.0000]]])
2025-03-20T15:25:01.398291 - Final transform:
[[-0.14 -0.98  0.15 -0.12]
 [ 0.42  0.08  0.91  0.  ]
 [-0.9   0.19  0.39  0.73]
 [ 0.    0.    0.    1.  ]]
2025-03-20T15:25:01.398291 - Pose:
tensor([[[-0.1449, -0.9776,  0.1524, -0.1208],
         [ 0.4155,  0.0796,  0.9061,  0.0036],
         [-0.8980,  0.1946,  0.3946,  0.7354],
         [ 0.0000,  0.0000,  0.0000,  1.0000]]])
2025-03-20T15:25:01.467005 - Final transform:
[[-0.16 -0.97  0.17 -0.12]
 [ 0.39  0.09  0.91  0.  ]
 [-0.9   0.21  0.37  0.74]
 [ 0.    0.    0.    1.  ]]
2025-03-20T15:25:01.467005 - Pose:
tensor([[[-0.1601, -0.9726,  0.1688, -0.1212],
         [ 0.3943,  0.0938,  0.9142,  0.0040],
         [-0.9049,  0.2129,  0.3685,  0.7392],
         [ 0.0000,  0.0000,  0.0000,  1.0000]]])
2025-03-20T15:25:01.529411 - Final transform:
[[-0.13 -0.98  0.15 -0.12]
 [ 0.44  0.08  0.89  0.  ]
 [-0.89  0.18  0.42  0.73]
 [ 0.    0.    0.    1.  ]]
2025-03-20T15:25:01.529411 - Pose:
tensor([[[-0.1279, -0.9805,  0.1492, -0.1208],
         [ 0.4434,  0.0780,  0.8929,  0.0034],
         [-0.8871,  0.1804,  0.4248,  0.7358],
         [ 0.0000,  0.0000,  0.0000,  1.0000]]])
2025-03-20T15:25:01.595156 - Final transform:
[[-0.16 -0.98  0.15 -0.12]
 [ 0.42  0.07  0.9   0.  ]
 [-0.89  0.21  0.4   0.74]
 [ 0.    0.    0.    1.  ]]
2025-03-20T15:25:01.595156 - Pose:
tensor([[[-0.1582, -0.9755,  0.1530, -0.1211],
         [ 0.4247,  0.0727,  0.9024,  0.0036],
         [-0.8914,  0.2077,  0.4028,  0.7389],
         [ 0.0000,  0.0000,  0.0000,  1.0000]]])
2025-03-20T15:25:01.662063 - Final transform:
[[-0.13 -0.98  0.15 -0.12]
 [ 0.42  0.08  0.9   0.  ]
 [-0.9   0.18  0.41  0.73]
 [ 0.    0.    0.    1.  ]]
2025-03-20T15:25:01.662063 - Pose:
tensor([[[-0.1339, -0.9800,  0.1476, -0.1208],
         [ 0.4241,  0.0779,  0.9022,  0.0039],
         [-0.8957,  0.1834,  0.4052,  0.7370],
         [ 0.0000,  0.0000,  0.0000,  1.0000]]])
2025-03-20T15:25:01.728151 - Final transform:
[[-0.16 -0.97  0.16 -0.12]
 [ 0.39  0.08  0.92  0.  ]
 [-0.9   0.21  0.37  0.74]
 [ 0.    0.    0.    1.  ]]
2025-03-20T15:25:01.728151 - Pose:
tensor([[[-0.1623, -0.9738,  0.1591, -0.1208],
         [ 0.3932,  0.0840,  0.9156,  0.0042],
         [-0.9050,  0.2112,  0.3693,  0.7377],
         [ 0.0000,  0.0000,  0.0000,  1.0000]]])
2025-03-20T15:25:01.795761 - Final transform:
[[-0.16 -0.97  0.16 -0.12]
 [ 0.4   0.08  0.91  0.  ]
 [-0.9   0.21  0.38  0.74]
 [ 0.    0.    0.    1.  ]]
2025-03-20T15:25:01.795761 - Pose:
tensor([[[-0.1616, -0.9735,  0.1620, -0.1213],
         [ 0.4021,  0.0849,  0.9116,  0.0036],
         [-0.9012,  0.2125,  0.3777,  0.7376],
         [ 0.0000,  0.0000,  0.0000,  1.0000]]])
2025-03-20T15:25:01.862958 - Final transform:
[[-0.16 -0.98  0.15 -0.12]
 [ 0.43  0.07  0.9   0.  ]
 [-0.89  0.2   0.41  0.73]
 [ 0.    0.    0.    1.  ]]
2025-03-20T15:25:01.862958 - Pose:
tensor([[[-0.1551, -0.9768,  0.1479, -0.1204],
         [ 0.4296,  0.0682,  0.9004,  0.0033],
         [-0.8896,  0.2032,  0.4090,  0.7356],
         [ 0.0000,  0.0000,  0.0000,  1.0000]]])
2025-03-20T15:25:01.930575 - Final transform:
[[-0.15 -0.98  0.16 -0.12]
 [ 0.4   0.08  0.91  0.  ]
 [-0.91  0.2   0.37  0.73]
 [ 0.    0.    0.    1.  ]]
2025-03-20T15:25:01.930575 - Pose:
tensor([[[-0.1535, -0.9757,  0.1563, -0.1208],
         [ 0.3958,  0.0843,  0.9145,  0.0033],
         [-0.9054,  0.2023,  0.3733,  0.7363],
         [ 0.0000,  0.0000,  0.0000,  1.0000]]])
2025-03-20T15:25:02.003782 - Final transform:
[[-0.14 -0.98  0.16 -0.12]
 [ 0.39  0.09  0.92  0.  ]
 [-0.91  0.19  0.37  0.74]
 [ 0.    0.    0.    1.  ]]
2025-03-20T15:25:02.003782 - Pose:
tensor([[[-0.1388, -0.9776,  0.1585, -0.1208],
         [ 0.3906,  0.0930,  0.9159,  0.0039],
         [-0.9100,  0.1890,  0.3689,  0.7376],
         [ 0.0000,  0.0000,  0.0000,  1.0000]]])
2025-03-20T15:25:02.085807 - Final transform:
[[-0.15 -0.98  0.16 -0.12]
 [ 0.4   0.09  0.91  0.  ]
 [-0.9   0.2   0.38  0.73]
 [ 0.    0.    0.    1.  ]]
2025-03-20T15:25:02.085807 - Pose:
tensor([[[-0.1492, -0.9764,  0.1563, -0.1212],
         [ 0.3994,  0.0851,  0.9128,  0.0031],
         [-0.9046,  0.1986,  0.3773,  0.7371],
         [ 0.0000,  0.0000,  0.0000,  1.0000]]])
2025-03-20T15:25:02.159067 - Final transform:
[[-0.12 -0.98  0.15 -0.12]
 [ 0.41  0.09  0.91  0.  ]
 [-0.91  0.17  0.39  0.73]
 [ 0.    0.    0.    1.  ]]
2025-03-20T15:25:02.159067 - Pose:
tensor([[[-0.1241, -0.9811,  0.1484, -0.1209],
         [ 0.4067,  0.0862,  0.9095,  0.0034],
         [-0.9051,  0.1732,  0.3883,  0.7357],
         [ 0.0000,  0.0000,  0.0000,  1.0000]]])
2025-03-20T15:25:02.225427 - Final transform:
[[-0.11 -0.98  0.15 -0.12]
 [ 0.43  0.08  0.9   0.  ]
 [-0.9   0.17  0.41  0.73]
 [ 0.    0.    0.    1.  ]]
2025-03-20T15:25:02.225427 - Pose:
tensor([[[-0.1147, -0.9825,  0.1465, -0.1206],
         [ 0.4281,  0.0842,  0.8998,  0.0034],
         [-0.8964,  0.1660,  0.4110,  0.7359],
         [ 0.0000,  0.0000,  0.0000,  1.0000]]])
2025-03-20T15:25:02.294143 - Final transform:
[[-0.15 -0.98  0.16 -0.12]
 [ 0.41  0.08  0.91  0.  ]
 [-0.9   0.2   0.39  0.74]
 [ 0.    0.    0.    1.  ]]
2025-03-20T15:25:02.294143 - Pose:
tensor([[[-0.1500, -0.9758,  0.1591, -0.1211],
         [ 0.4145,  0.0840,  0.9062,  0.0035],
         [-0.8976,  0.2019,  0.3918,  0.7381],
         [ 0.0000,  0.0000,  0.0000,  1.0000]]])
2025-03-20T15:25:02.366432 - Final transform:
[[-0.14 -0.98  0.17 -0.12]
 [ 0.39  0.1   0.92  0.  ]
 [-0.91  0.19  0.37  0.74]
 [ 0.    0.    0.    1.  ]]
2025-03-20T15:25:02.366432 - Pose:
tensor([[[-0.1385, -0.9765,  0.1653, -0.1215],
         [ 0.3901,  0.0996,  0.9154,  0.0034],
         [-0.9103,  0.1912,  0.3671,  0.7394],
         [ 0.0000,  0.0000,  0.0000,  1.0000]]])
2025-03-20T15:25:02.432508 - Final transform:
[[-0.14 -0.98  0.15 -0.12]
 [ 0.42  0.08  0.91  0.  ]
 [-0.9   0.19  0.4   0.74]
 [ 0.    0.    0.    1.  ]]
2025-03-20T15:25:02.432508 - Pose:
tensor([[[-0.1358, -0.9792,  0.1507, -0.1210],
         [ 0.4158,  0.0817,  0.9058,  0.0033],
         [-0.8993,  0.1856,  0.3960,  0.7378],
         [ 0.0000,  0.0000,  0.0000,  1.0000]]])
2025-03-20T15:25:02.504649 - Final transform:
[[-0.14 -0.98  0.15 -0.12]
 [ 0.39  0.08  0.92  0.  ]
 [-0.91  0.19  0.37  0.74]
 [ 0.    0.    0.    1.  ]]
2025-03-20T15:25:02.504649 - Pose:
tensor([[[-0.1428, -0.9783,  0.1502, -0.1209],
         [ 0.3868,  0.0846,  0.9183,  0.0034],
         [-0.9110,  0.1892,  0.3664,  0.7379],
         [ 0.0000,  0.0000,  0.0000,  1.0000]]])
2025-03-20T15:25:02.570229 - Final transform:
[[-0.14 -0.98  0.15 -0.12]
 [ 0.45  0.07  0.89  0.  ]
 [-0.88  0.19  0.43  0.73]
 [ 0.    0.    0.    1.  ]]
2025-03-20T15:25:02.570229 - Pose:
tensor([[[-0.1401, -0.9782,  0.1534, -0.1206],
         [ 0.4535,  0.0743,  0.8882,  0.0036],
         [-0.8802,  0.1940,  0.4332,  0.7356],
         [ 0.0000,  0.0000,  0.0000,  1.0000]]])
2025-03-20T15:25:02.652663 - Final transform:
[[-0.15 -0.98  0.16 -0.12]
 [ 0.42  0.08  0.9   0.  ]
 [-0.89  0.2   0.4   0.74]
 [ 0.    0.    0.    1.  ]]
2025-03-20T15:25:02.652663 - Pose:
tensor([[[-0.1500, -0.9758,  0.1593, -0.1210],
         [ 0.4247,  0.0819,  0.9016,  0.0036],
         [-0.8928,  0.2029,  0.4021,  0.7375],
         [ 0.0000,  0.0000,  0.0000,  1.0000]]])
2025-03-20T15:25:02.720343 - Final transform:
[[-0.16 -0.97  0.16 -0.12]
 [ 0.41  0.08  0.91  0.  ]
 [-0.9   0.21  0.39  0.74]
 [ 0.    0.    0.    1.  ]]
2025-03-20T15:25:02.720343 - Pose:
tensor([[[-0.1603, -0.9748,  0.1551, -0.1209],
         [ 0.4091,  0.0774,  0.9092,  0.0036],
         [-0.8983,  0.2092,  0.3864,  0.7377],
         [ 0.0000,  0.0000,  0.0000,  1.0000]]])
2025-03-20T15:25:02.789569 - Final transform:
[[-0.15 -0.98  0.16 -0.12]
 [ 0.4   0.08  0.91  0.  ]
 [-0.9   0.2   0.38  0.73]
 [ 0.    0.    0.    1.  ]]
2025-03-20T15:25:02.789569 - Pose:
tensor([[[-0.1485, -0.9766,  0.1553, -0.1211],
         [ 0.3992,  0.0845,  0.9130,  0.0035],
         [-0.9048,  0.1975,  0.3773,  0.7369],
         [ 0.0000,  0.0000,  0.0000,  1.0000]]])
2025-03-20T15:25:02.857699 - Final transform:
[[-0.16 -0.97  0.16 -0.12]
 [ 0.4   0.08  0.91  0.  ]
 [-0.9   0.21  0.38  0.74]
 [ 0.    0.    0.    1.  ]]
2025-03-20T15:25:02.857699 - Pose:
tensor([[[-0.1590, -0.9744,  0.1588, -0.1209],
         [ 0.4023,  0.0830,  0.9118,  0.0034],
         [-0.9016,  0.2088,  0.3788,  0.7380],
         [ 0.0000,  0.0000,  0.0000,  1.0000]]])
2025-03-20T15:25:02.926972 - Final transform:
[[-0.16 -0.97  0.17 -0.12]
 [ 0.41  0.09  0.91  0.  ]
 [-0.9   0.21  0.39  0.73]
 [ 0.    0.    0.    1.  ]]
2025-03-20T15:25:02.926972 - Pose:
tensor([[[-0.1587, -0.9733,  0.1658, -0.1211],
         [ 0.4148,  0.0867,  0.9058,  0.0038],
         [-0.8960,  0.2125,  0.3900,  0.7358],
         [ 0.0000,  0.0000,  0.0000,  1.0000]]])
2025-03-20T15:25:02.993547 - Final transform:
[[-0.15 -0.98  0.16 -0.12]
 [ 0.4   0.09  0.91  0.  ]
 [-0.9   0.2   0.38  0.73]
 [ 0.    0.    0.    1.  ]]
2025-03-20T15:25:02.993547 - Pose:
tensor([[[-0.1490, -0.9755,  0.1616, -0.1214],
         [ 0.3996,  0.0900,  0.9123,  0.0031],
         [-0.9045,  0.2005,  0.3764,  0.7373],
         [ 0.0000,  0.0000,  0.0000,  1.0000]]])
2025-03-20T15:25:03.059990 - Final transform:
[[-0.13 -0.98  0.15 -0.12]
 [ 0.39  0.09  0.92  0.  ]
 [-0.91  0.18  0.37  0.74]
 [ 0.    0.    0.    1.  ]]
2025-03-20T15:25:03.059990 - Pose:
tensor([[[-0.1334, -0.9790,  0.1543, -0.1214],
         [ 0.3894,  0.0914,  0.9165,  0.0039],
         [-0.9114,  0.1824,  0.3690,  0.7379],
         [ 0.0000,  0.0000,  0.0000,  1.0000]]])
2025-03-20T15:25:03.127764 - Final transform:
[[-0.15 -0.98  0.16 -0.12]
 [ 0.41  0.08  0.91  0.  ]
 [-0.9   0.2   0.39  0.74]
 [ 0.    0.    0.    1.  ]]
2025-03-20T15:25:03.127764 - Pose:
tensor([[[-0.1488, -0.9765,  0.1560, -0.1211],
         [ 0.4102,  0.0826,  0.9083,  0.0032],
         [-0.8998,  0.1991,  0.3882,  0.7394],
         [ 0.0000,  0.0000,  0.0000,  1.0000]]])
2025-03-20T15:25:03.196367 - Final transform:
[[-0.15 -0.98  0.16 -0.12]
 [ 0.41  0.08  0.91  0.  ]
 [-0.9   0.21  0.39  0.73]
 [ 0.    0.    0.    1.  ]]
2025-03-20T15:25:03.196367 - Pose:
tensor([[[-0.1540, -0.9751,  0.1598, -0.1215],
         [ 0.4101,  0.0840,  0.9082,  0.0037],
         [-0.8990,  0.2054,  0.3869,  0.7361],
         [ 0.0000,  0.0000,  0.0000,  1.0000]]])
2025-03-20T15:25:03.262711 - Final transform:
[[-0.15 -0.98  0.15 -0.12]
 [ 0.41  0.08  0.91  0.  ]
 [-0.9   0.2   0.39  0.73]
 [ 0.    0.    0.    1.  ]]
2025-03-20T15:25:03.262711 - Pose:
tensor([[[-0.1462, -0.9773,  0.1531, -0.1207],
         [ 0.4112,  0.0807,  0.9080,  0.0044],
         [-0.8997,  0.1958,  0.3901,  0.7347],
         [ 0.0000,  0.0000,  0.0000,  1.0000]]])
2025-03-20T15:25:03.328931 - Final transform:
[[-0.15 -0.98  0.16 -0.12]
 [ 0.41  0.09  0.91  0.  ]
 [-0.9   0.2   0.39  0.73]
 [ 0.    0.    0.    1.  ]]
2025-03-20T15:25:03.328931 - Pose:
tensor([[[-0.1487, -0.9758,  0.1605, -0.1211],
         [ 0.4139,  0.0860,  0.9063,  0.0035],
         [-0.8981,  0.2011,  0.3910,  0.7371],
         [ 0.0000,  0.0000,  0.0000,  1.0000]]])
2025-03-20T15:25:03.401653 - Final transform:
[[-0.13 -0.98  0.15 -0.12]
 [ 0.39  0.09  0.92  0.  ]
 [-0.91  0.18  0.37  0.74]
 [ 0.    0.    0.    1.  ]]
2025-03-20T15:25:03.401653 - Pose:
tensor([[[-0.1271, -0.9799,  0.1539, -0.1211],
         [ 0.3868,  0.0939,  0.9174,  0.0037],
         [-0.9133,  0.1761,  0.3671,  0.7377],
         [ 0.0000,  0.0000,  0.0000,  1.0000]]])
2025-03-20T15:25:03.478856 - Final transform:
[[-0.14 -0.98  0.15 -0.12]
 [ 0.42  0.08  0.9   0.  ]
 [-0.9   0.19  0.4   0.73]
 [ 0.    0.    0.    1.  ]]
2025-03-20T15:25:03.478856 - Pose:
tensor([[[-0.1383, -0.9791,  0.1493, -0.1208],
         [ 0.4194,  0.0786,  0.9044,  0.0034],
         [-0.8972,  0.1877,  0.3997,  0.7356],
         [ 0.0000,  0.0000,  0.0000,  1.0000]]])
2025-03-20T15:25:03.547613 - Final transform:
[[-0.14 -0.98  0.15 -0.12]
 [ 0.38  0.08  0.92  0.  ]
 [-0.91  0.19  0.36  0.73]
 [ 0.    0.    0.    1.  ]]
2025-03-20T15:25:03.547613 - Pose:
tensor([[[-0.1415, -0.9787,  0.1489, -0.1208],
         [ 0.3826,  0.0847,  0.9200,  0.0037],
         [-0.9130,  0.1872,  0.3624,  0.7363],
         [ 0.0000,  0.0000,  0.0000,  1.0000]]])
2025-03-20T15:25:03.612763 - Final transform:
[[-0.14 -0.98  0.16 -0.12]
 [ 0.41  0.09  0.91  0.  ]
 [-0.9   0.19  0.38  0.74]
 [ 0.    0.    0.    1.  ]]
2025-03-20T15:25:03.612763 - Pose:
tensor([[[-0.1359, -0.9785,  0.1554, -0.1209],
         [ 0.4051,  0.0883,  0.9100,  0.0041],
         [-0.9041,  0.1866,  0.3843,  0.7374],
         [ 0.0000,  0.0000,  0.0000,  1.0000]]])
2025-03-20T15:25:03.678984 - Final transform:
[[-0.14 -0.98  0.15 -0.12]
 [ 0.43  0.08  0.9   0.  ]
 [-0.89  0.19  0.41  0.73]
 [ 0.    0.    0.    1.  ]]
2025-03-20T15:25:03.678984 - Pose:
tensor([[[-0.1422, -0.9781,  0.1519, -0.1210],
         [ 0.4279,  0.0777,  0.9005,  0.0039],
         [-0.8926,  0.1931,  0.4075,  0.7369],
         [ 0.0000,  0.0000,  0.0000,  1.0000]]])
2025-03-20T15:25:03.746412 - Final transform:
[[-0.14 -0.98  0.16 -0.12]
 [ 0.42  0.08  0.9   0.  ]
 [-0.9   0.19  0.4   0.73]
 [ 0.    0.    0.    1.  ]]
2025-03-20T15:25:03.746412 - Pose:
tensor([[[-0.1428, -0.9773,  0.1567, -0.1206],
         [ 0.4186,  0.0839,  0.9043,  0.0043],
         [-0.8969,  0.1948,  0.3971,  0.7342],
         [ 0.0000,  0.0000,  0.0000,  1.0000]]])
2025-03-20T15:25:03.813129 - Final transform:
[[-0.14 -0.98  0.16 -0.12]
 [ 0.42  0.09  0.9   0.  ]
 [-0.9   0.19  0.4   0.73]
 [ 0.    0.    0.    1.  ]]
2025-03-20T15:25:03.813129 - Pose:
tensor([[[-0.1363, -0.9778,  0.1593, -0.1211],
         [ 0.4208,  0.0884,  0.9028,  0.0036],
         [-0.8969,  0.1901,  0.3994,  0.7372],
         [ 0.0000,  0.0000,  0.0000,  1.0000]]])
2025-03-20T15:25:03.880635 - Final transform:
[[-0.13 -0.98  0.16 -0.12]
 [ 0.39  0.09  0.92  0.  ]
 [-0.91  0.18  0.37  0.74]
 [ 0.    0.    0.    1.  ]]
2025-03-20T15:25:03.880635 - Pose:
tensor([[[-0.1342, -0.9782,  0.1583, -0.1214],
         [ 0.3903,  0.0946,  0.9158,  0.0036],
         [-0.9109,  0.1847,  0.3691,  0.7391],
         [ 0.0000,  0.0000,  0.0000,  1.0000]]])
2025-03-20T15:25:03.945191 - Final transform:
[[-0.13 -0.98  0.14 -0.12]
 [ 0.42  0.08  0.91  0.  ]
 [-0.9   0.17  0.4   0.73]
 [ 0.    0.    0.    1.  ]]
2025-03-20T15:25:03.945191 - Pose:
tensor([[[-0.1253, -0.9815,  0.1446, -0.1210],
         [ 0.4159,  0.0803,  0.9058,  0.0035],
         [-0.9007,  0.1736,  0.3982,  0.7373],
         [ 0.0000,  0.0000,  0.0000,  1.0000]]])
2025-03-20T15:25:04.010375 - Final transform:
[[-0.13 -0.98  0.15 -0.12]
 [ 0.43  0.08  0.9   0.  ]
 [-0.89  0.18  0.41  0.74]
 [ 0.    0.    0.    1.  ]]
2025-03-20T15:25:04.010375 - Pose:
tensor([[[-0.1314, -0.9800,  0.1495, -0.1208],
         [ 0.4269,  0.0802,  0.9007,  0.0032],
         [-0.8947,  0.1821,  0.4078,  0.7375],
         [ 0.0000,  0.0000,  0.0000,  1.0000]]])
2025-03-20T15:25:04.078575 - Final transform:
[[-0.15 -0.98  0.15 -0.12]
 [ 0.4   0.08  0.91  0.  ]
 [-0.91  0.19  0.38  0.74]
 [ 0.    0.    0.    1.  ]]
2025-03-20T15:25:04.078575 - Pose:
tensor([[[-0.1452, -0.9774,  0.1539, -0.1213],
         [ 0.3990,  0.0845,  0.9131,  0.0034],
         [-0.9054,  0.1939,  0.3777,  0.7382],
         [ 0.0000,  0.0000,  0.0000,  1.0000]]])
2025-03-20T15:25:04.145707 - Final transform:
[[-0.15 -0.98  0.15 -0.12]
 [ 0.44  0.07  0.9   0.  ]
 [-0.89  0.2   0.42  0.73]
 [ 0.    0.    0.    1.  ]]
2025-03-20T15:25:04.145707 - Pose:
tensor([[[-0.1483, -0.9770,  0.1529, -0.1212],
         [ 0.4363,  0.0741,  0.8967,  0.0037],
         [-0.8875,  0.1997,  0.4153,  0.7374],
         [ 0.0000,  0.0000,  0.0000,  1.0000]]])
2025-03-20T15:25:04.211735 - Final transform:
[[-0.16 -0.97  0.17 -0.12]
 [ 0.37  0.1   0.92  0.  ]
 [-0.91  0.21  0.35  0.73]
 [ 0.    0.    0.    1.  ]]
2025-03-20T15:25:04.211735 - Pose:
tensor([[[-0.1558, -0.9735,  0.1675, -0.1207],
         [ 0.3749,  0.0986,  0.9218,  0.0048],
         [-0.9139,  0.2065,  0.3496,  0.7349],
         [ 0.0000,  0.0000,  0.0000,  1.0000]]])
2025-03-20T15:25:04.279083 - Final transform:
[[-0.15 -0.97  0.17 -0.12]
 [ 0.36  0.11  0.93  0.  ]
 [-0.92  0.2   0.34  0.74]
 [ 0.    0.    0.    1.  ]]
2025-03-20T15:25:04.279083 - Pose:
tensor([[[-0.1469, -0.9740,  0.1723, -0.1213],
         [ 0.3629,  0.1090,  0.9255,  0.0042],
         [-0.9202,  0.1984,  0.3374,  0.7392],
         [ 0.0000,  0.0000,  0.0000,  1.0000]]])
2025-03-20T15:25:04.345158 - Final transform:
[[-0.13 -0.98  0.15 -0.12]
 [ 0.43  0.08  0.9   0.  ]
 [-0.9   0.18  0.41  0.73]
 [ 0.    0.    0.    1.  ]]
2025-03-20T15:25:04.345158 - Pose:
tensor([[[-0.1295, -0.9803,  0.1492, -0.1208],
         [ 0.4266,  0.0808,  0.9008,  0.0032],
         [-0.8951,  0.1803,  0.4077,  0.7370],
         [ 0.0000,  0.0000,  0.0000,  1.0000]]])
2025-03-20T15:25:04.413852 - Final transform:
[[-0.13 -0.98  0.15 -0.12]
 [ 0.4   0.09  0.91  0.  ]
 [-0.91  0.18  0.38  0.73]
 [ 0.    0.    0.    1.  ]]
2025-03-20T15:25:04.413852 - Pose:
tensor([[[-0.1340, -0.9791,  0.1529, -0.1211],
         [ 0.3953,  0.0887,  0.9142,  0.0036],
         [-0.9087,  0.1830,  0.3752,  0.7370],
         [ 0.0000,  0.0000,  0.0000,  1.0000]]])
2025-03-20T15:25:04.479515 - Final transform:
[[-0.13 -0.98  0.15 -0.12]
 [ 0.4   0.09  0.91  0.  ]
 [-0.91  0.18  0.38  0.73]
 [ 0.    0.    0.    1.  ]]
2025-03-20T15:25:04.479515 - Pose:
tensor([[[-0.1288, -0.9795,  0.1546, -0.1209],
         [ 0.3973,  0.0918,  0.9131,  0.0036],
         [-0.9086,  0.1790,  0.3774,  0.7366],
         [ 0.0000,  0.0000,  0.0000,  1.0000]]])
2025-03-20T15:25:04.548139 - Final transform:
[[-0.14 -0.98  0.16 -0.12]
 [ 0.4   0.1   0.91  0.  ]
 [-0.91  0.19  0.37  0.73]
 [ 0.    0.    0.    1.  ]]
2025-03-20T15:25:04.548139 - Pose:
tensor([[[-0.1357, -0.9774,  0.1620, -0.1209],
         [ 0.3955,  0.0965,  0.9134,  0.0049],
         [-0.9084,  0.1880,  0.3734,  0.7354],
         [ 0.0000,  0.0000,  0.0000,  1.0000]]])
2025-03-20T15:25:04.629475 - Final transform:
[[-0.15 -0.98  0.16 -0.12]
 [ 0.42  0.09  0.9   0.  ]
 [-0.9   0.2   0.4   0.73]
 [ 0.    0.    0.    1.  ]]
2025-03-20T15:25:04.629475 - Pose:
tensor([[[-0.1477, -0.9760,  0.1604, -0.1210],
         [ 0.4185,  0.0853,  0.9042,  0.0040],
         [-0.8961,  0.2006,  0.3959,  0.7370],
         [ 0.0000,  0.0000,  0.0000,  1.0000]]])
2025-03-20T15:25:04.703555 - Final transform:
[[-0.15 -0.98  0.15 -0.12]
 [ 0.43  0.07  0.9   0.  ]
 [-0.89  0.2   0.41  0.73]
 [ 0.    0.    0.    1.  ]]
2025-03-20T15:25:04.703555 - Pose:
tensor([[[-0.1543, -0.9769,  0.1478, -0.1210],
         [ 0.4327,  0.0677,  0.8990,  0.0031],
         [-0.8882,  0.2027,  0.4123,  0.7372],
         [ 0.0000,  0.0000,  0.0000,  1.0000]]])
2025-03-20T15:25:04.772803 - Final transform:
[[-0.16 -0.97  0.16 -0.12]
 [ 0.42  0.08  0.9   0.  ]
 [-0.89  0.21  0.4   0.73]
 [ 0.    0.    0.    1.  ]]
2025-03-20T15:25:04.772803 - Pose:
tensor([[[-0.1552, -0.9745,  0.1622, -0.1212],
         [ 0.4226,  0.0829,  0.9025,  0.0037],
         [-0.8929,  0.2086,  0.3990,  0.7370],
         [ 0.0000,  0.0000,  0.0000,  1.0000]]])
2025-03-20T15:25:04.838625 - Final transform:
[[-0.15 -0.98  0.17 -0.12]
 [ 0.38  0.1   0.92  0.  ]
 [-0.91  0.2   0.35  0.73]
 [ 0.    0.    0.    1.  ]]
2025-03-20T15:25:04.838625 - Pose:
tensor([[[-0.1464, -0.9750,  0.1669, -0.1209],
         [ 0.3770,  0.1010,  0.9207,  0.0051],
         [-0.9146,  0.1977,  0.3528,  0.7349],
         [ 0.0000,  0.0000,  0.0000,  1.0000]]])
2025-03-20T15:25:04.905456 - Final transform:
[[-0.14 -0.98  0.16 -0.12]
 [ 0.4   0.09  0.91  0.  ]
 [-0.91  0.19  0.38  0.73]
 [ 0.    0.    0.    1.  ]]
2025-03-20T15:25:04.905456 - Pose:
tensor([[[-0.1401, -0.9774,  0.1582, -0.1209],
         [ 0.3993,  0.0905,  0.9124,  0.0049],
         [-0.9061,  0.1910,  0.3776,  0.7362],
         [ 0.0000,  0.0000,  0.0000,  1.0000]]])
2025-03-20T15:25:04.969701 - Final transform:
[[-0.14 -0.98  0.15 -0.12]
 [ 0.41  0.08  0.91  0.  ]
 [-0.9   0.19  0.39  0.73]
 [ 0.    0.    0.    1.  ]]
2025-03-20T15:25:04.969701 - Pose:
tensor([[[-0.1385, -0.9784,  0.1532, -0.1205],
         [ 0.4136,  0.0834,  0.9066,  0.0036],
         [-0.8999,  0.1889,  0.3931,  0.7359],
         [ 0.0000,  0.0000,  0.0000,  1.0000]]])
2025-03-20T15:25:05.036613 - Final transform:
[[-0.15 -0.98  0.15 -0.12]
 [ 0.41  0.08  0.91  0.  ]
 [-0.9   0.19  0.39  0.73]
 [ 0.    0.    0.    1.  ]]
2025-03-20T15:25:05.036613 - Pose:
tensor([[[-0.1456, -0.9778,  0.1507, -0.1210],
         [ 0.4121,  0.0786,  0.9078,  0.0033],
         [-0.8994,  0.1943,  0.3915,  0.7373],
         [ 0.0000,  0.0000,  0.0000,  1.0000]]])
2025-03-20T15:25:05.103839 - Final transform:
[[-0.15 -0.98  0.15 -0.12]
 [ 0.41  0.08  0.91  0.  ]
 [-0.9   0.2   0.39  0.73]
 [ 0.    0.    0.    1.  ]]
2025-03-20T15:25:05.103839 - Pose:
tensor([[[-0.1462, -0.9772,  0.1540, -0.1207],
         [ 0.4147,  0.0808,  0.9064,  0.0041],
         [-0.8982,  0.1963,  0.3934,  0.7347],
         [ 0.0000,  0.0000,  0.0000,  1.0000]]])
2025-03-20T15:25:05.170763 - Final transform:
[[-0.14 -0.98  0.16 -0.12]
 [ 0.39  0.09  0.91  0.  ]
 [-0.91  0.19  0.37  0.73]
 [ 0.    0.    0.    1.  ]]
2025-03-20T15:25:05.170763 - Pose:
tensor([[[-0.1434, -0.9769,  0.1584, -0.1207],
         [ 0.3932,  0.0906,  0.9150,  0.0047],
         [-0.9082,  0.1935,  0.3711,  0.7341],
         [ 0.0000,  0.0000,  0.0000,  1.0000]]])
2025-03-20T15:25:05.236929 - Final transform:
[[-0.13 -0.98  0.15 -0.12]
 [ 0.41  0.09  0.91  0.  ]
 [-0.9   0.18  0.39  0.74]
 [ 0.    0.    0.    1.  ]]
2025-03-20T15:25:05.236929 - Pose:
tensor([[[-0.1271, -0.9804,  0.1508, -0.1209],
         [ 0.4140,  0.0857,  0.9062,  0.0037],
         [-0.9014,  0.1776,  0.3950,  0.7376],
         [ 0.0000,  0.0000,  0.0000,  1.0000]]])
2025-03-20T15:25:05.302562 - Final transform:
[[-0.14 -0.98  0.16 -0.12]
 [ 0.42  0.09  0.9   0.  ]
 [-0.9   0.19  0.4   0.73]
 [ 0.    0.    0.    1.  ]]
2025-03-20T15:25:05.302562 - Pose:
tensor([[[-0.1392, -0.9777,  0.1570, -0.1209],
         [ 0.4208,  0.0852,  0.9032,  0.0033],
         [-0.8964,  0.1918,  0.3995,  0.7371],
         [ 0.0000,  0.0000,  0.0000,  1.0000]]])
2025-03-20T15:25:05.369656 - Final transform:
[[-0.12 -0.98  0.15 -0.12]
 [ 0.43  0.08  0.9   0.  ]
 [-0.89  0.17  0.41  0.73]
 [ 0.    0.    0.    1.  ]]
2025-03-20T15:25:05.369656 - Pose:
tensor([[[-0.1232, -0.9813,  0.1477, -0.1198],
         [ 0.4292,  0.0815,  0.8995,  0.0042],
         [-0.8948,  0.1742,  0.4111,  0.7317],
         [ 0.0000,  0.0000,  0.0000,  1.0000]]])
2025-03-20T15:25:05.436430 - Final transform:
[[-0.14 -0.98  0.15 -0.12]
 [ 0.4   0.08  0.91  0.  ]
 [-0.91  0.18  0.38  0.74]
 [ 0.    0.    0.    1.  ]]
2025-03-20T15:25:05.436430 - Pose:
tensor([[[-0.1357, -0.9793,  0.1499, -0.1213],
         [ 0.3979,  0.0847,  0.9135,  0.0032],
         [-0.9073,  0.1836,  0.3782,  0.7380],
         [ 0.0000,  0.0000,  0.0000,  1.0000]]])
2025-03-20T15:25:05.503715 - Final transform:
[[-0.12 -0.98  0.15 -0.12]
 [ 0.42  0.09  0.9   0.  ]
 [-0.9   0.17  0.4   0.73]
 [ 0.    0.    0.    1.  ]]
2025-03-20T15:25:05.503715 - Pose:
tensor([[[-0.1186, -0.9816,  0.1495, -0.1210],
         [ 0.4225,  0.0864,  0.9022,  0.0037],
         [-0.8986,  0.1702,  0.4045,  0.7363],
         [ 0.0000,  0.0000,  0.0000,  1.0000]]])
2025-03-20T15:25:05.567966 - Final transform:
[[-0.12 -0.98  0.15 -0.12]
 [ 0.42  0.09  0.91  0.  ]
 [-0.9   0.17  0.4   0.74]
 [ 0.    0.    0.    1.  ]]
2025-03-20T15:25:05.567966 - Pose:
tensor([[[-0.1219, -0.9804,  0.1547, -0.1212],
         [ 0.4151,  0.0912,  0.9052,  0.0042],
         [-0.9016,  0.1746,  0.3958,  0.7389],
         [ 0.0000,  0.0000,  0.0000,  1.0000]]])
2025-03-20T15:25:05.632821 - Final transform:
[[-0.12 -0.98  0.14 -0.12]
 [ 0.43  0.07  0.9   0.  ]
 [-0.9   0.17  0.41  0.73]
 [ 0.    0.    0.    1.  ]]
2025-03-20T15:25:05.632821 - Pose:
tensor([[[-0.1213, -0.9830,  0.1376, -0.1209],
         [ 0.4289,  0.0731,  0.9004,  0.0031],
         [-0.8952,  0.1682,  0.4127,  0.7362],
         [ 0.0000,  0.0000,  0.0000,  1.0000]]])
2025-03-20T15:25:05.698307 - Final transform:
[[-0.12 -0.98  0.15 -0.12]
 [ 0.4   0.09  0.91  0.  ]
 [-0.91  0.17  0.38  0.73]
 [ 0.    0.    0.    1.  ]]
2025-03-20T15:25:05.698307 - Pose:
tensor([[[-0.1185, -0.9821,  0.1466, -0.1207],
         [ 0.4000,  0.0879,  0.9123,  0.0035],
         [-0.9088,  0.1668,  0.3824,  0.7373],
         [ 0.0000,  0.0000,  0.0000,  1.0000]]])
2025-03-20T15:25:05.763519 - Final transform:
[[-0.12 -0.98  0.15 -0.12]
 [ 0.38  0.09  0.92  0.  ]
 [-0.92  0.16  0.36  0.73]
 [ 0.    0.    0.    1.  ]]
2025-03-20T15:25:05.763519 - Pose:
tensor([[[-0.1156, -0.9823,  0.1472, -0.1209],
         [ 0.3805,  0.0931,  0.9201,  0.0036],
         [-0.9175,  0.1624,  0.3631,  0.7368],
         [ 0.0000,  0.0000,  0.0000,  1.0000]]])
2025-03-20T15:25:05.828811 - Final transform:
[[-0.13 -0.98  0.15 -0.12]
 [ 0.45  0.07  0.89  0.  ]
 [-0.88  0.19  0.43  0.73]
 [ 0.    0.    0.    1.  ]]
2025-03-20T15:25:05.828811 - Pose:
tensor([[[-0.1347, -0.9795,  0.1499, -0.1208],
         [ 0.4493,  0.0745,  0.8903,  0.0031],
         [-0.8832,  0.1873,  0.4300,  0.7356],
         [ 0.0000,  0.0000,  0.0000,  1.0000]]])
2025-03-20T15:25:05.894841 - Final transform:
[[-0.13 -0.98  0.15 -0.12]
 [ 0.43  0.08  0.9   0.  ]
 [-0.89  0.18  0.41  0.74]
 [ 0.    0.    0.    1.  ]]
2025-03-20T15:25:05.894841 - Pose:
tensor([[[-0.1263, -0.9810,  0.1475, -0.1206],
         [ 0.4299,  0.0799,  0.8994,  0.0036],
         [-0.8940,  0.1770,  0.4116,  0.7378],
         [ 0.0000,  0.0000,  0.0000,  1.0000]]])
2025-03-20T15:25:05.960622 - Final transform:
[[-0.15 -0.98  0.16 -0.12]
 [ 0.4   0.09  0.91  0.  ]
 [-0.9   0.2   0.38  0.74]
 [ 0.    0.    0.    1.  ]]
2025-03-20T15:25:05.960622 - Pose:
tensor([[[-0.1457, -0.9760,  0.1620, -0.1213],
         [ 0.4009,  0.0915,  0.9116,  0.0033],
         [-0.9045,  0.1977,  0.3779,  0.7382],
         [ 0.0000,  0.0000,  0.0000,  1.0000]]])
2025-03-20T15:25:06.026763 - Final transform:
[[-0.14 -0.98  0.16 -0.12]
 [ 0.43  0.08  0.9   0.  ]
 [-0.89  0.2   0.41  0.73]
 [ 0.    0.    0.    1.  ]]
2025-03-20T15:25:06.026763 - Pose:
tensor([[[-0.1432, -0.9770,  0.1578, -0.1209],
         [ 0.4311,  0.0819,  0.8986,  0.0037],
         [-0.8909,  0.1967,  0.4095,  0.7372],
         [ 0.0000,  0.0000,  0.0000,  1.0000]]])
2025-03-20T15:25:06.092516 - Final transform:
[[-0.14 -0.98  0.16 -0.12]
 [ 0.41  0.08  0.91  0.  ]
 [-0.9   0.19  0.39  0.74]
 [ 0.    0.    0.    1.  ]]
2025-03-20T15:25:06.092516 - Pose:
tensor([[[-0.1434, -0.9773,  0.1557, -0.1212],
         [ 0.4099,  0.0845,  0.9082,  0.0035],
         [-0.9008,  0.1941,  0.3885,  0.7376],
         [ 0.0000,  0.0000,  0.0000,  1.0000]]])
2025-03-20T15:25:06.161662 - Final transform:
[[-0.14 -0.98  0.15 -0.12]
 [ 0.44  0.07  0.9   0.  ]
 [-0.89  0.19  0.42  0.73]
 [ 0.    0.    0.    1.  ]]
2025-03-20T15:25:06.161662 - Pose:
tensor([[[-0.1425, -0.9782,  0.1509, -0.1211],
         [ 0.4368,  0.0746,  0.8964,  0.0034],
         [-0.8882,  0.1937,  0.4167,  0.7369],
         [ 0.0000,  0.0000,  0.0000,  1.0000]]])
2025-03-20T15:25:06.227555 - Final transform:
[[-0.14 -0.98  0.16 -0.12]
 [ 0.41  0.08  0.91  0.  ]
 [-0.9   0.19  0.39  0.73]
 [ 0.    0.    0.    1.  ]]
2025-03-20T15:25:06.227555 - Pose:
tensor([[[-0.1434, -0.9775,  0.1551, -0.1211],
         [ 0.4065,  0.0847,  0.9097,  0.0041],
         [-0.9023,  0.1934,  0.3852,  0.7371],
         [ 0.0000,  0.0000,  0.0000,  1.0000]]])
2025-03-20T15:25:06.290306 - Final transform:
[[-0.15 -0.98  0.16 -0.12]
 [ 0.43  0.09  0.9   0.  ]
 [-0.89  0.2   0.41  0.74]
 [ 0.    0.    0.    1.  ]]
2025-03-20T15:25:06.290306 - Pose:
tensor([[[-0.1451, -0.9757,  0.1644, -0.1214],
         [ 0.4287,  0.0878,  0.8992,  0.0028],
         [-0.8917,  0.2009,  0.4055,  0.7385],
         [ 0.0000,  0.0000,  0.0000,  1.0000]]])
2025-03-20T15:25:06.355175 - Final transform:
[[-0.13 -0.98  0.16 -0.12]
 [ 0.38  0.1   0.92  0.  ]
 [-0.92  0.18  0.36  0.74]
 [ 0.    0.    0.    1.  ]]
2025-03-20T15:25:06.355175 - Pose:
tensor([[[-0.1289, -0.9793,  0.1561, -0.1212],
         [ 0.3790,  0.0968,  0.9203,  0.0039],
         [-0.9164,  0.1778,  0.3586,  0.7382],
         [ 0.0000,  0.0000,  0.0000,  1.0000]]])
2025-03-20T15:25:06.419624 - Final transform:
[[-0.13 -0.98  0.15 -0.12]
 [ 0.43  0.08  0.9   0.  ]
 [-0.89  0.19  0.41  0.74]
 [ 0.    0.    0.    1.  ]]
2025-03-20T15:25:06.419624 - Pose:
tensor([[[-0.1346, -0.9792,  0.1518, -0.1211],
         [ 0.4314,  0.0800,  0.8986,  0.0036],
         [-0.8921,  0.1864,  0.4117,  0.7377],
         [ 0.0000,  0.0000,  0.0000,  1.0000]]])
2025-03-20T15:25:06.484849 - Final transform:
[[-0.14 -0.98  0.16 -0.12]
 [ 0.44  0.08  0.9   0.  ]
 [-0.89  0.19  0.42  0.73]
 [ 0.    0.    0.    1.  ]]
2025-03-20T15:25:06.484849 - Pose:
tensor([[[-0.1390, -0.9777,  0.1577, -0.1209],
         [ 0.4367,  0.0824,  0.8959,  0.0040],
         [-0.8888,  0.1934,  0.4154,  0.7357],
         [ 0.0000,  0.0000,  0.0000,  1.0000]]])
2025-03-20T15:25:06.551623 - Final transform:
[[-0.14 -0.98  0.15 -0.12]
 [ 0.4   0.08  0.91  0.  ]
 [-0.9   0.19  0.38  0.74]
 [ 0.    0.    0.    1.  ]]
2025-03-20T15:25:06.551623 - Pose:
tensor([[[-0.1414, -0.9786,  0.1492, -0.1211],
         [ 0.4031,  0.0808,  0.9116,  0.0034],
         [-0.9042,  0.1890,  0.3831,  0.7379],
         [ 0.0000,  0.0000,  0.0000,  1.0000]]])
2025-03-20T15:25:06.617798 - Final transform:
[[-0.13 -0.98  0.15 -0.12]
 [ 0.43  0.08  0.9   0.  ]
 [-0.9   0.18  0.41  0.73]
 [ 0.    0.    0.    1.  ]]
2025-03-20T15:25:06.617798 - Pose:
tensor([[[-0.1319, -0.9800,  0.1490, -0.1206],
         [ 0.4257,  0.0798,  0.9013,  0.0035],
         [-0.8952,  0.1823,  0.4067,  0.7356],
         [ 0.0000,  0.0000,  0.0000,  1.0000]]])
2025-03-20T15:25:06.682167 - Final transform:
[[-0.15 -0.98  0.16 -0.12]
 [ 0.41  0.09  0.91  0.  ]
 [-0.9   0.2   0.39  0.74]
 [ 0.    0.    0.    1.  ]]
2025-03-20T15:25:06.682167 - Pose:
tensor([[[-0.1476, -0.9762,  0.1588, -0.1208],
         [ 0.4108,  0.0856,  0.9077,  0.0040],
         [-0.8997,  0.1992,  0.3884,  0.7376],
         [ 0.0000,  0.0000,  0.0000,  1.0000]]])
2025-03-20T15:25:06.748705 - Final transform:
[[-0.14 -0.98  0.16 -0.12]
 [ 0.4   0.09  0.91  0.  ]
 [-0.91  0.19  0.38  0.74]
 [ 0.    0.    0.    1.  ]]
2025-03-20T15:25:06.748705 - Pose:
tensor([[[-0.1432, -0.9768,  0.1592, -0.1211],
         [ 0.3998,  0.0901,  0.9122,  0.0039],
         [-0.9054,  0.1942,  0.3776,  0.7379],
         [ 0.0000,  0.0000,  0.0000,  1.0000]]])
2025-03-20T15:25:06.815648 - Final transform:
[[-0.14 -0.98  0.16 -0.12]
 [ 0.41  0.09  0.91  0.  ]
 [-0.9   0.19  0.39  0.73]
 [ 0.    0.    0.    1.  ]]
2025-03-20T15:25:06.815648 - Pose:
tensor([[[-0.1434, -0.9771,  0.1572, -0.1208],
         [ 0.4127,  0.0853,  0.9069,  0.0041],
         [-0.8995,  0.1950,  0.3910,  0.7369],
         [ 0.0000,  0.0000,  0.0000,  1.0000]]])
2025-03-20T15:25:06.882419 - Final transform:
[[-0.14 -0.98  0.17 -0.12]
 [ 0.38  0.1   0.92  0.  ]
 [-0.91  0.19  0.35  0.74]
 [ 0.    0.    0.    1.  ]]
2025-03-20T15:25:06.882419 - Pose:
tensor([[[-0.1424, -0.9755,  0.1680, -0.1209],
         [ 0.3785,  0.1032,  0.9198,  0.0041],
         [-0.9146,  0.1946,  0.3545,  0.7379],
         [ 0.0000,  0.0000,  0.0000,  1.0000]]])
2025-03-20T15:25:06.948642 - Final transform:
[[-0.14 -0.98  0.16 -0.12]
 [ 0.4   0.09  0.91  0.  ]
 [-0.91  0.19  0.38  0.74]
 [ 0.    0.    0.    1.  ]]
2025-03-20T15:25:06.948642 - Pose:
tensor([[[-0.1387, -0.9772,  0.1608, -0.1216],
         [ 0.3985,  0.0936,  0.9124,  0.0033],
         [-0.9066,  0.1906,  0.3764,  0.7383],
         [ 0.0000,  0.0000,  0.0000,  1.0000]]])
2025-03-20T15:25:07.014470 - Final transform:
[[-0.15 -0.98  0.16 -0.12]
 [ 0.4   0.09  0.91  0.  ]
 [-0.91  0.2   0.37  0.73]
 [ 0.    0.    0.    1.  ]]
2025-03-20T15:25:07.014470 - Pose:
tensor([[[-0.1480, -0.9753,  0.1638, -0.1211],
         [ 0.3954,  0.0934,  0.9138,  0.0051],
         [-0.9065,  0.2000,  0.3718,  0.7368],
         [ 0.0000,  0.0000,  0.0000,  1.0000]]])
2025-03-20T15:25:07.081563 - Final transform:
[[-0.16 -0.97  0.16 -0.12]
 [ 0.4   0.08  0.91  0.  ]
 [-0.9   0.21  0.38  0.74]
 [ 0.    0.    0.    1.  ]]
2025-03-20T15:25:07.081563 - Pose:
tensor([[[-0.1556, -0.9748,  0.1597, -0.1214],
         [ 0.4044,  0.0846,  0.9106,  0.0041],
         [-0.9012,  0.2063,  0.3811,  0.7387],
         [ 0.0000,  0.0000,  0.0000,  1.0000]]])
2025-03-20T15:25:07.151235 - Final transform:
[[-0.14 -0.98  0.17 -0.12]
 [ 0.44  0.09  0.89  0.  ]
 [-0.89  0.2   0.42  0.73]
 [ 0.    0.    0.    1.  ]]
2025-03-20T15:25:07.151235 - Pose:
tensor([[[-0.1383, -0.9765,  0.1654, -0.1211],
         [ 0.4390,  0.0892,  0.8940,  0.0040],
         [-0.8878,  0.1962,  0.4164,  0.7372],
         [ 0.0000,  0.0000,  0.0000,  1.0000]]])
2025-03-20T15:25:07.219470 - Final transform:
[[-0.14 -0.97  0.21 -0.12]
 [ 0.42  0.14  0.9   0.  ]
 [-0.9   0.21  0.38  0.74]
 [ 0.    0.    0.    1.  ]]
2025-03-20T15:25:07.219470 - Pose:
tensor([[[-0.1407, -0.9675,  0.2101, -0.1241],
         [ 0.4152,  0.1350,  0.8996,  0.0035],
         [-0.8988,  0.2138,  0.3827,  0.7386],
         [ 0.0000,  0.0000,  0.0000,  1.0000]]])
2025-03-20T15:25:07.286238 - Final transform:
[[-0.13 -0.95  0.29 -0.13]
 [ 0.46  0.2   0.87  0.  ]
 [-0.88  0.24  0.41  0.74]
 [ 0.    0.    0.    1.  ]]
2025-03-20T15:25:07.286238 - Pose:
tensor([[[-0.1311, -0.9494,  0.2853, -0.1282],
         [ 0.4571,  0.1975,  0.8672,  0.0027],
         [-0.8797,  0.2442,  0.4081,  0.7388],
         [ 0.0000,  0.0000,  0.0000,  1.0000]]])
2025-03-20T15:25:07.362217 - Final transform:
[[-0.11 -0.93  0.36 -0.13]
 [ 0.47  0.27  0.84  0.  ]
 [-0.87  0.26  0.41  0.74]
 [ 0.    0.    0.    1.  ]]
2025-03-20T15:25:07.362217 - Pose:
tensor([[[-0.1057, -0.9272,  0.3593, -0.1326],
         [ 0.4733,  0.2709,  0.8382,  0.0026],
         [-0.8745,  0.2586,  0.4102,  0.7389],
         [ 0.0000,  0.0000,  0.0000,  1.0000]]])
2025-03-20T15:25:07.436929 - Final transform:
[[-0.12 -0.89  0.43 -0.13]
 [ 0.51  0.31  0.8   0.  ]
 [-0.85  0.32  0.42  0.73]
 [ 0.    0.    0.    1.  ]]
2025-03-20T15:25:07.436929 - Pose:
tensor([[[-0.1209, -0.8947,  0.4300, -0.1364],
         [ 0.5145,  0.3139,  0.7979,  0.0032],
         [-0.8489,  0.3177,  0.4224,  0.7361],
         [ 0.0000,  0.0000,  0.0000,  1.0000]]])
2025-03-20T15:25:07.501787 - Final transform:
[[-0.15 -0.84  0.52 -0.14]
 [ 0.56  0.36  0.74  0.  ]
 [-0.81  0.4   0.42  0.73]
 [ 0.    0.    0.    1.  ]]
2025-03-20T15:25:07.501787 - Pose:
tensor([[[-0.1455, -0.8426,  0.5185, -0.1421],
         [ 0.5609,  0.3615,  0.7448,  0.0045],
         [-0.8150,  0.3992,  0.4200,  0.7375],
         [ 0.0000,  0.0000,  0.0000,  1.0000]]])
2025-03-20T15:25:07.569327 - Final transform:
[[-0.01 -0.65  0.76 -0.15]
 [ 0.62  0.6   0.51  0.01]
 [-0.79  0.48  0.4   0.74]
 [ 0.    0.    0.    1.  ]]
2025-03-20T15:25:07.569327 - Pose:
tensor([[[-0.0066, -0.6466,  0.7628, -0.1551],
         [ 0.6186,  0.5967,  0.5111,  0.0107],
         [-0.7856,  0.4753,  0.3960,  0.7418],
         [ 0.0000,  0.0000,  0.0000,  1.0000]]])
2025-03-20T15:25:07.643569 - Final transform:
[[ 0.13 -0.23  0.96 -0.18]
 [ 0.67  0.74  0.09  0.03]
 [-0.73  0.63  0.25  0.76]
 [ 0.    0.    0.    1.  ]]
2025-03-20T15:25:07.643569 - Pose:
tensor([[[ 0.1298, -0.2337,  0.9636, -0.1757],
         [ 0.6700,  0.7371,  0.0885,  0.0291],
         [-0.7309,  0.6341,  0.2522,  0.7601],
         [ 0.0000,  0.0000,  0.0000,  1.0000]]])
2025-03-20T15:25:07.710972 - Final transform:
[[ 0.05  0.01  1.   -0.19]
 [ 0.64  0.77 -0.04  0.03]
 [-0.77  0.64  0.03  0.75]
 [ 0.    0.    0.    1.  ]]
2025-03-20T15:25:07.710972 - Pose:
tensor([[[ 0.0544,  0.0107,  0.9985, -0.1849],
         [ 0.6405,  0.7667, -0.0431,  0.0297],
         [-0.7660,  0.6419,  0.0348,  0.7513],
         [ 0.0000,  0.0000,  0.0000,  1.0000]]])
2025-03-20T15:25:07.778406 - Final transform:
[[ 0.01  0.08  1.   -0.19]
 [ 0.63  0.77 -0.07  0.03]
 [-0.77  0.63 -0.05  0.75]
 [ 0.    0.    0.    1.  ]]
2025-03-20T15:25:07.778406 - Pose:
tensor([[[ 0.0091,  0.0844,  0.9964, -0.1900],
         [ 0.6322,  0.7716, -0.0711,  0.0358],
         [-0.7748,  0.6305, -0.0463,  0.7487],
         [ 0.0000,  0.0000,  0.0000,  1.0000]]])
2025-03-20T15:25:07.845158 - Final transform:
[[ 0.01  0.1   1.   -0.19]
 [ 0.62  0.78 -0.08  0.03]
 [-0.79  0.61 -0.06  0.75]
 [ 0.    0.    0.    1.  ]]
2025-03-20T15:25:07.845158 - Pose:
tensor([[[ 0.0066,  0.0990,  0.9951, -0.1905],
         [ 0.6150,  0.7842, -0.0821,  0.0353],
         [-0.7885,  0.6125, -0.0557,  0.7493],
         [ 0.0000,  0.0000,  0.0000,  1.0000]]])
2025-03-20T15:25:07.912372 - Final transform:
[[ 0.    0.1   0.99 -0.19]
 [ 0.6   0.79 -0.08  0.03]
 [-0.8   0.6  -0.06  0.75]
 [ 0.    0.    0.    1.  ]]
2025-03-20T15:25:07.912372 - Pose:
tensor([[[ 0.0016,  0.1000,  0.9950, -0.1911],
         [ 0.6018,  0.7945, -0.0808,  0.0349],
         [-0.7986,  0.5989, -0.0589,  0.7514],
         [ 0.0000,  0.0000,  0.0000,  1.0000]]])
2025-03-20T15:25:07.980356 - Final transform:
[[ 0.02  0.07  1.   -0.19]
 [ 0.59  0.8  -0.07  0.03]
 [-0.8   0.59 -0.03  0.75]
 [ 0.    0.    0.    1.  ]]
2025-03-20T15:25:07.980356 - Pose:
tensor([[[ 0.0193,  0.0718,  0.9972, -0.1912],
         [ 0.5943,  0.8013, -0.0692,  0.0352],
         [-0.8040,  0.5940, -0.0272,  0.7519],
         [ 0.0000,  0.0000,  0.0000,  1.0000]]])
2025-03-20T15:25:08.046077 - Final transform:
[[ 0.01  0.1   0.99 -0.19]
 [ 0.6   0.79 -0.09  0.03]
 [-0.8   0.6  -0.05  0.75]
 [ 0.    0.    0.    1.  ]]
2025-03-20T15:25:08.046077 - Pose:
tensor([[[ 0.0106,  0.0993,  0.9950, -0.1909],
         [ 0.6012,  0.7945, -0.0857,  0.0347],
         [-0.7990,  0.5991, -0.0513,  0.7508],
         [ 0.0000,  0.0000,  0.0000,  1.0000]]])
2025-03-20T15:25:08.113847 - Final transform:
[[ 0.01  0.08  1.   -0.19]
 [ 0.62  0.78 -0.08  0.03]
 [-0.79  0.62 -0.04  0.75]
 [ 0.    0.    0.    1.  ]]
2025-03-20T15:25:08.113847 - Pose:
tensor([[[ 0.0140,  0.0849,  0.9963, -0.1909],
         [ 0.6167,  0.7836, -0.0755,  0.0352],
         [-0.7871,  0.6154, -0.0414,  0.7515],
         [ 0.0000,  0.0000,  0.0000,  1.0000]]])
2025-03-20T15:25:08.180685 - Final transform:
[[ 0.    0.08  1.   -0.19]
 [ 0.62  0.78 -0.07  0.03]
 [-0.79  0.62 -0.05  0.75]
 [ 0.    0.    0.    1.  ]]
2025-03-20T15:25:08.180685 - Pose:
tensor([[[ 0.0036,  0.0835,  0.9965, -0.1912],
         [ 0.6169,  0.7841, -0.0679,  0.0351],
         [-0.7870,  0.6150, -0.0487,  0.7508],
         [ 0.0000,  0.0000,  0.0000,  1.0000]]])
2025-03-20T15:25:08.249106 - Final transform:
[[ 0.02  0.08  1.   -0.19]
 [ 0.61  0.79 -0.08  0.03]
 [-0.8   0.6  -0.04  0.75]
 [ 0.    0.    0.    1.  ]]
2025-03-20T15:25:08.249106 - Pose:
tensor([[[ 0.0155,  0.0825,  0.9965, -0.1904],
         [ 0.6055,  0.7923, -0.0751,  0.0351],
         [-0.7957,  0.6045, -0.0376,  0.7488],
         [ 0.0000,  0.0000,  0.0000,  1.0000]]])
2025-03-20T15:25:08.316207 - Final transform:
[[ 0.02  0.08  1.   -0.19]
 [ 0.61  0.79 -0.08  0.03]
 [-0.79  0.61 -0.03  0.75]
 [ 0.    0.    0.    1.  ]]
2025-03-20T15:25:08.316207 - Pose:
tensor([[[ 0.0240,  0.0809,  0.9964, -0.1908],
         [ 0.6069,  0.7909, -0.0789,  0.0351],
         [-0.7944,  0.6066, -0.0301,  0.7504],
         [ 0.0000,  0.0000,  0.0000,  1.0000]]])
2025-03-20T15:25:08.383238 - Final transform:
[[ 0.02  0.08  1.   -0.19]
 [ 0.6   0.79 -0.08  0.03]
 [-0.8   0.6  -0.03  0.75]
 [ 0.    0.    0.    1.  ]]
2025-03-20T15:25:08.383238 - Pose:
tensor([[[ 0.0229,  0.0803,  0.9965, -0.1912],
         [ 0.6041,  0.7931, -0.0778,  0.0348],
         [-0.7966,  0.6037, -0.0303,  0.7513],
         [ 0.0000,  0.0000,  0.0000,  1.0000]]])
2025-03-20T15:25:08.449873 - Final transform:
[[ 0.04  0.07  1.   -0.19]
 [ 0.61  0.79 -0.08  0.03]
 [-0.8   0.61 -0.01  0.75]
 [ 0.    0.    0.    1.  ]]
2025-03-20T15:25:08.449873 - Pose:
tensor([[[ 0.0383,  0.0717,  0.9967, -0.1910],
         [ 0.6053,  0.7920, -0.0802,  0.0350],
         [-0.7951,  0.6064, -0.0131,  0.7508],
         [ 0.0000,  0.0000,  0.0000,  1.0000]]])
2025-03-20T15:25:08.525957 - Final transform:
[[ 0.    0.08  1.   -0.19]
 [ 0.6   0.79 -0.07  0.03]
 [-0.8   0.6  -0.05  0.75]
 [ 0.    0.    0.    1.  ]]
2025-03-20T15:25:08.525957 - Pose:
tensor([[[ 0.0026,  0.0842,  0.9964, -0.1911],
         [ 0.6030,  0.7948, -0.0687,  0.0351],
         [-0.7977,  0.6011, -0.0487,  0.7521],
         [ 0.0000,  0.0000,  0.0000,  1.0000]]])
2025-03-20T15:25:08.591678 - Final transform:
[[-0.    0.1   1.   -0.19]
 [ 0.61  0.79 -0.08  0.03]
 [-0.8   0.6  -0.06  0.75]
 [ 0.    0.    0.    1.  ]]
2025-03-20T15:25:08.591678 - Pose:
tensor([[[-0.0046,  0.0987,  0.9951, -0.1908],
         [ 0.6055,  0.7922, -0.0758,  0.0348],
         [-0.7958,  0.6022, -0.0635,  0.7512],
         [ 0.0000,  0.0000,  0.0000,  1.0000]]])
2025-03-20T15:25:08.672298 - Final transform:
[[ 0.02  0.09  1.   -0.19]
 [ 0.61  0.79 -0.08  0.03]
 [-0.79  0.61 -0.04  0.75]
 [ 0.    0.    0.    1.  ]]
2025-03-20T15:25:08.672298 - Pose:
tensor([[[ 0.0171,  0.0893,  0.9959, -0.1919],
         [ 0.6100,  0.7883, -0.0812,  0.0349],
         [-0.7922,  0.6088, -0.0410,  0.7537],
         [ 0.0000,  0.0000,  0.0000,  1.0000]]])
2025-03-20T15:25:08.741534 - Final transform:
[[ 0.01  0.08  1.   -0.19]
 [ 0.6   0.79 -0.07  0.03]
 [-0.8   0.6  -0.04  0.75]
 [ 0.    0.    0.    1.  ]]
2025-03-20T15:25:08.741534 - Pose:
tensor([[[ 0.0150,  0.0788,  0.9968, -0.1918],
         [ 0.6038,  0.7939, -0.0718,  0.0351],
         [-0.7970,  0.6029, -0.0357,  0.7535],
         [ 0.0000,  0.0000,  0.0000,  1.0000]]])
2025-03-20T15:25:08.805307 - Final transform:
[[ 0.02  0.09  1.   -0.19]
 [ 0.6   0.79 -0.08  0.03]
 [-0.8   0.6  -0.04  0.75]
 [ 0.    0.    0.    1.  ]]
2025-03-20T15:25:08.805307 - Pose:
tensor([[[ 0.0184,  0.0855,  0.9962, -0.1910],
         [ 0.6018,  0.7947, -0.0793,  0.0344],
         [-0.7984,  0.6010, -0.0369,  0.7511],
         [ 0.0000,  0.0000,  0.0000,  1.0000]]])
2025-03-20T15:25:08.872797 - Final transform:
[[ 0.01  0.08  1.   -0.19]
 [ 0.61  0.79 -0.07  0.03]
 [-0.8   0.6  -0.04  0.75]
 [ 0.    0.    0.    1.  ]]
2025-03-20T15:25:08.872797 - Pose:
tensor([[[ 0.0066,  0.0789,  0.9969, -0.1907],
         [ 0.6056,  0.7929, -0.0667,  0.0352],
         [-0.7957,  0.6042, -0.0426,  0.7496],
         [ 0.0000,  0.0000,  0.0000,  1.0000]]])
2025-03-20T15:25:08.939901 - Final transform:
[[ 0.02  0.08  1.   -0.19]
 [ 0.62  0.78 -0.07  0.03]
 [-0.79  0.62 -0.04  0.75]
 [ 0.    0.    0.    1.  ]]
2025-03-20T15:25:08.939901 - Pose:
tensor([[[ 0.0174,  0.0813,  0.9965, -0.1910],
         [ 0.6190,  0.7818, -0.0746,  0.0350],
         [-0.7852,  0.6182, -0.0367,  0.7520],
         [ 0.0000,  0.0000,  0.0000,  1.0000]]])
2025-03-20T15:25:09.006400 - Final transform:
[[ 0.04  0.08  1.   -0.19]
 [ 0.61  0.79 -0.09  0.03]
 [-0.79  0.61 -0.02  0.75]
 [ 0.    0.    0.    1.  ]]
2025-03-20T15:25:09.006400 - Pose:
tensor([[[ 0.0387,  0.0780,  0.9962, -0.1904],
         [ 0.6083,  0.7891, -0.0854,  0.0353],
         [-0.7927,  0.6093, -0.0169,  0.7496],
         [ 0.0000,  0.0000,  0.0000,  1.0000]]])
2025-03-20T15:25:09.071138 - Final transform:
[[ 0.01  0.09  1.   -0.19]
 [ 0.61  0.79 -0.08  0.03]
 [-0.79  0.61 -0.04  0.75]
 [ 0.    0.    0.    1.  ]]
2025-03-20T15:25:09.071138 - Pose:
tensor([[[ 0.0148,  0.0898,  0.9959, -0.1914],
         [ 0.6104,  0.7880, -0.0801,  0.0348],
         [-0.7919,  0.6091, -0.0431,  0.7516],
         [ 0.0000,  0.0000,  0.0000,  1.0000]]])
2025-03-20T15:25:09.139124 - Final transform:
[[ 0.    0.09  1.   -0.19]
 [ 0.6   0.8  -0.08  0.03]
 [-0.8   0.6  -0.05  0.75]
 [ 0.    0.    0.    1.  ]]
2025-03-20T15:25:09.139124 - Pose:
tensor([[[ 0.0027,  0.0930,  0.9957, -0.1912],
         [ 0.5974,  0.7983, -0.0762,  0.0347],
         [-0.8019,  0.5950, -0.0534,  0.7517],
         [ 0.0000,  0.0000,  0.0000,  1.0000]]])
2025-03-20T15:25:09.205304 - Final transform:
[[ 0.01  0.09  1.   -0.19]
 [ 0.61  0.79 -0.08  0.03]
 [-0.79  0.61 -0.04  0.75]
 [ 0.    0.    0.    1.  ]]
2025-03-20T15:25:09.205304 - Pose:
tensor([[[ 0.0135,  0.0862,  0.9962, -0.1910],
         [ 0.6128,  0.7865, -0.0764,  0.0352],
         [-0.7901,  0.6115, -0.0422,  0.7513],
         [ 0.0000,  0.0000,  0.0000,  1.0000]]])
2025-03-20T15:25:09.271319 - Final transform:
[[ 0.01  0.08  1.   -0.19]
 [ 0.61  0.79 -0.07  0.03]
 [-0.79  0.61 -0.05  0.75]
 [ 0.    0.    0.    1.  ]]
2025-03-20T15:25:09.271319 - Pose:
tensor([[[ 0.0066,  0.0843,  0.9964, -0.1918],
         [ 0.6126,  0.7873, -0.0706,  0.0347],
         [-0.7904,  0.6108, -0.0465,  0.7534],
         [ 0.0000,  0.0000,  0.0000,  1.0000]]])
2025-03-20T15:25:09.336574 - Final transform:
[[ 0.01  0.09  1.   -0.19]
 [ 0.6   0.79 -0.08  0.03]
 [-0.8   0.6  -0.05  0.75]
 [ 0.    0.    0.    1.  ]]
2025-03-20T15:25:09.336574 - Pose:
tensor([[[ 0.0088,  0.0928,  0.9957, -0.1914],
         [ 0.6022,  0.7944, -0.0793,  0.0348],
         [-0.7983,  0.6003, -0.0489,  0.7519],
         [ 0.0000,  0.0000,  0.0000,  1.0000]]])
2025-03-20T15:25:09.404913 - Final transform:
[[ 0.    0.08  1.   -0.19]
 [ 0.6   0.8  -0.07  0.03]
 [-0.8   0.6  -0.05  0.75]
 [ 0.    0.    0.    1.  ]]
2025-03-20T15:25:09.404913 - Pose:
tensor([[[ 0.0023,  0.0819,  0.9966, -0.1908],
         [ 0.5998,  0.7974, -0.0669,  0.0351],
         [-0.8002,  0.5979, -0.0473,  0.7510],
         [ 0.0000,  0.0000,  0.0000,  1.0000]]])
2025-03-20T15:25:09.471605 - Final transform:
[[ 0.02  0.08  1.   -0.19]
 [ 0.6   0.79 -0.08  0.03]
 [-0.8   0.6  -0.03  0.75]
 [ 0.    0.    0.    1.  ]]
2025-03-20T15:25:09.471605 - Pose:
tensor([[[ 0.0202,  0.0824,  0.9964, -0.1909],
         [ 0.6039,  0.7933, -0.0778,  0.0349],
         [-0.7968,  0.6033, -0.0337,  0.7509],
         [ 0.0000,  0.0000,  0.0000,  1.0000]]])
2025-03-20T15:25:09.540243 - Final transform:
[[-0.    0.1   1.   -0.19]
 [ 0.6   0.79 -0.08  0.03]
 [-0.8   0.6  -0.06  0.75]
 [ 0.    0.    0.    1.  ]]
2025-03-20T15:25:09.540243 - Pose:
tensor([[[-0.0039,  0.0980,  0.9952, -0.1909],
         [ 0.6019,  0.7950, -0.0759,  0.0346],
         [-0.7986,  0.5987, -0.0621,  0.7520],
         [ 0.0000,  0.0000,  0.0000,  1.0000]]])
2025-03-20T15:25:09.608533 - Final transform:
[[ 0.01  0.08  1.   -0.19]
 [ 0.6   0.8  -0.07  0.03]
 [-0.8   0.6  -0.04  0.75]
 [ 0.    0.    0.    1.  ]]
2025-03-20T15:25:09.608533 - Pose:
tensor([[[ 0.0145,  0.0809,  0.9966, -0.1911],
         [ 0.6009,  0.7959, -0.0734,  0.0348],
         [-0.7992,  0.5999, -0.0371,  0.7518],
         [ 0.0000,  0.0000,  0.0000,  1.0000]]])
2025-03-20T15:25:09.675816 - Final transform:
[[ 0.02  0.08  1.   -0.19]
 [ 0.62  0.78 -0.07  0.03]
 [-0.79  0.62 -0.03  0.75]
 [ 0.    0.    0.    1.  ]]
2025-03-20T15:25:09.675816 - Pose:
tensor([[[ 0.0198,  0.0758,  0.9969, -0.1913],
         [ 0.6157,  0.7847, -0.0719,  0.0355],
         [-0.7877,  0.6153, -0.0311,  0.7516],
         [ 0.0000,  0.0000,  0.0000,  1.0000]]])
2025-03-20T15:25:09.741439 - Final transform:
[[ 0.02  0.09  1.   -0.19]
 [ 0.6   0.79 -0.08  0.03]
 [-0.8   0.6  -0.04  0.75]
 [ 0.    0.    0.    1.  ]]
2025-03-20T15:25:09.741439 - Pose:
tensor([[[ 0.0160,  0.0861,  0.9962, -0.1914],
         [ 0.6031,  0.7938, -0.0783,  0.0352],
         [-0.7975,  0.6020, -0.0392,  0.7521],
         [ 0.0000,  0.0000,  0.0000,  1.0000]]])
2025-03-20T15:25:09.808584 - Final transform:
[[ 0.01  0.09  1.   -0.19]
 [ 0.6   0.79 -0.08  0.03]
 [-0.8   0.6  -0.05  0.75]
 [ 0.    0.    0.    1.  ]]
2025-03-20T15:25:09.808584 - Pose:
tensor([[[ 0.0098,  0.0894,  0.9960, -0.1914],
         [ 0.6034,  0.7937, -0.0772,  0.0346],
         [-0.7974,  0.6017, -0.0462,  0.7517],
         [ 0.0000,  0.0000,  0.0000,  1.0000]]])
2025-03-20T15:25:09.876606 - Final transform:
[[ 0.01  0.09  1.   -0.19]
 [ 0.61  0.79 -0.07  0.03]
 [-0.79  0.61 -0.05  0.75]
 [ 0.    0.    0.    1.  ]]
2025-03-20T15:25:09.876606 - Pose:
tensor([[[ 0.0092,  0.0872,  0.9962, -0.1910],
         [ 0.6075,  0.7908, -0.0748,  0.0354],
         [-0.7942,  0.6059, -0.0457,  0.7503],
         [ 0.0000,  0.0000,  0.0000,  1.0000]]])
2025-03-20T15:25:09.944741 - Final transform:
[[ 0.02  0.08  1.   -0.19]
 [ 0.61  0.79 -0.07  0.03]
 [-0.79  0.61 -0.03  0.75]
 [ 0.    0.    0.    1.  ]]
2025-03-20T15:25:09.944741 - Pose:
tensor([[[ 0.0241,  0.0754,  0.9969, -0.1907],
         [ 0.6065,  0.7916, -0.0746,  0.0351],
         [-0.7947,  0.6064, -0.0267,  0.7494],
         [ 0.0000,  0.0000,  0.0000,  1.0000]]])
2025-03-20T15:25:10.014284 - Final transform:
[[ 0.01  0.09  1.   -0.19]
 [ 0.61  0.79 -0.08  0.03]
 [-0.8   0.6  -0.04  0.75]
 [ 0.    0.    0.    1.  ]]
2025-03-20T15:25:10.014284 - Pose:
tensor([[[ 0.0108,  0.0865,  0.9962, -0.1917],
         [ 0.6051,  0.7926, -0.0754,  0.0352],
         [-0.7961,  0.6036, -0.0438,  0.7525],
         [ 0.0000,  0.0000,  0.0000,  1.0000]]])
2025-03-20T15:25:10.081316 - Final transform:
[[ 0.03  0.08  1.   -0.19]
 [ 0.6   0.8  -0.08  0.03]
 [-0.8   0.6  -0.03  0.75]
 [ 0.    0.    0.    1.  ]]
2025-03-20T15:25:10.081316 - Pose:
tensor([[[ 0.0298,  0.0818,  0.9962, -0.1908],
         [ 0.6002,  0.7955, -0.0832,  0.0351],
         [-0.7993,  0.6004, -0.0254,  0.7507],
         [ 0.0000,  0.0000,  0.0000,  1.0000]]])
2025-03-20T15:25:10.169440 - Final transform:
[[ 0.01  0.07  1.   -0.19]
 [ 0.6   0.8  -0.07  0.03]
 [-0.8   0.6  -0.03  0.75]
 [ 0.    0.    0.    1.  ]]
2025-03-20T15:25:10.169440 - Pose:
tensor([[[ 0.0124,  0.0736,  0.9972, -0.1909],
         [ 0.5994,  0.7977, -0.0663,  0.0350],
         [-0.8004,  0.5985, -0.0342,  0.7503],
         [ 0.0000,  0.0000,  0.0000,  1.0000]]])
2025-03-20T15:25:10.237708 - Final transform:
[[ 0.03  0.08  1.   -0.19]
 [ 0.6   0.8  -0.08  0.03]
 [-0.8   0.6  -0.02  0.75]
 [ 0.    0.    0.    1.  ]]
2025-03-20T15:25:10.237708 - Pose:
tensor([[[ 0.0281,  0.0760,  0.9967, -0.1909],
         [ 0.5965,  0.7989, -0.0777,  0.0351],
         [-0.8021,  0.5967, -0.0229,  0.7507],
         [ 0.0000,  0.0000,  0.0000,  1.0000]]])
2025-03-20T15:25:10.303876 - Final transform:
[[ 0.    0.09  1.   -0.19]
 [ 0.6   0.79 -0.07  0.03]
 [-0.8   0.6  -0.05  0.75]
 [ 0.    0.    0.    1.  ]]
2025-03-20T15:25:10.303876 - Pose:
tensor([[[ 0.0042,  0.0866,  0.9962, -0.1910],
         [ 0.6035,  0.7941, -0.0715,  0.0349],
         [-0.7973,  0.6016, -0.0489,  0.7519],
         [ 0.0000,  0.0000,  0.0000,  1.0000]]])
2025-03-20T15:25:10.370379 - Final transform:
[[ 0.03  0.08  1.   -0.19]
 [ 0.6   0.8  -0.08  0.03]
 [-0.8   0.6  -0.03  0.75]
 [ 0.    0.    0.    1.  ]]
2025-03-20T15:25:10.370379 - Pose:
tensor([[[ 0.0276,  0.0802,  0.9964, -0.1913],
         [ 0.5973,  0.7979, -0.0808,  0.0352],
         [-0.8015,  0.5974, -0.0258,  0.7517],
         [ 0.0000,  0.0000,  0.0000,  1.0000]]])
2025-03-20T15:25:10.437634 - Final transform:
[[ 0.02  0.09  1.   -0.19]
 [ 0.61  0.79 -0.08  0.03]
 [-0.8   0.6  -0.04  0.75]
 [ 0.    0.    0.    1.  ]]
2025-03-20T15:25:10.437634 - Pose:
tensor([[[ 0.0193,  0.0895,  0.9958, -0.1908],
         [ 0.6052,  0.7918, -0.0829,  0.0349],
         [-0.7959,  0.6042, -0.0388,  0.7503],
         [ 0.0000,  0.0000,  0.0000,  1.0000]]])
2025-03-20T15:25:10.506034 - Final transform:
[[-0.02  0.11  0.99 -0.19]
 [ 0.61  0.79 -0.07  0.03]
 [-0.8   0.6  -0.08  0.75]
 [ 0.    0.    0.    1.  ]]
2025-03-20T15:25:10.506034 - Pose:
tensor([[[-0.0190,  0.1064,  0.9941, -0.1914],
         [ 0.6059,  0.7922, -0.0732,  0.0352],
         [-0.7953,  0.6010, -0.0795,  0.7513],
         [ 0.0000,  0.0000,  0.0000,  1.0000]]])
2025-03-20T15:25:10.570976 - Final transform:
[[ 0.02  0.09  1.   -0.19]
 [ 0.6   0.79 -0.08  0.03]
 [-0.8   0.6  -0.03  0.75]
 [ 0.    0.    0.    1.  ]]
2025-03-20T15:25:10.570976 - Pose:
tensor([[[ 0.0223,  0.0871,  0.9959, -0.1911],
         [ 0.6011,  0.7948, -0.0830,  0.0347],
         [-0.7988,  0.6006, -0.0346,  0.7513],
         [ 0.0000,  0.0000,  0.0000,  1.0000]]])
2025-03-20T15:25:10.638510 - Final transform:
[[ 0.04  0.07  1.   -0.19]
 [ 0.6   0.8  -0.08  0.03]
 [-0.8   0.6  -0.01  0.75]
 [ 0.    0.    0.    1.  ]]
2025-03-20T15:25:10.638510 - Pose:
tensor([[[ 0.0444,  0.0718,  0.9964, -0.1905],
         [ 0.6002,  0.7954, -0.0841,  0.0353],
         [-0.7986,  0.6018, -0.0078,  0.7494],
         [ 0.0000,  0.0000,  0.0000,  1.0000]]])
2025-03-20T15:25:10.704538 - Final transform:
[[ 0.02  0.08  1.   -0.19]
 [ 0.6   0.8  -0.07  0.03]
 [-0.8   0.6  -0.03  0.75]
 [ 0.    0.    0.    1.  ]]
2025-03-20T15:25:10.704538 - Pose:
tensor([[[ 0.0160,  0.0787,  0.9968, -0.1909],
         [ 0.6005,  0.7963, -0.0725,  0.0354],
         [-0.7995,  0.5997, -0.0345,  0.7503],
         [ 0.0000,  0.0000,  0.0000,  1.0000]]])
2025-03-20T15:25:10.770548 - Final transform:
[[ 0.03  0.07  1.   -0.19]
 [ 0.6   0.79 -0.07  0.03]
 [-0.8   0.6  -0.02  0.75]
 [ 0.    0.    0.    1.  ]]
2025-03-20T15:25:10.770548 - Pose:
tensor([[[ 0.0265,  0.0714,  0.9971, -0.1907],
         [ 0.6025,  0.7948, -0.0729,  0.0356],
         [-0.7977,  0.6027, -0.0219,  0.7504],
         [ 0.0000,  0.0000,  0.0000,  1.0000]]])
2025-03-20T15:25:10.836006 - Final transform:
[[ 0.02  0.08  1.   -0.19]
 [ 0.6   0.8  -0.08  0.03]
 [-0.8   0.6  -0.04  0.75]
 [ 0.    0.    0.    1.  ]]
2025-03-20T15:25:10.836006 - Pose:
tensor([[[ 0.0157,  0.0842,  0.9963, -0.1916],
         [ 0.6004,  0.7960, -0.0767,  0.0352],
         [-0.7995,  0.5994, -0.0380,  0.7526],
         [ 0.0000,  0.0000,  0.0000,  1.0000]]])
2025-03-20T15:25:10.903565 - Final transform:
[[ 0.02  0.09  1.   -0.19]
 [ 0.6   0.8  -0.09  0.03]
 [-0.8   0.6  -0.04  0.75]
 [ 0.    0.    0.    1.  ]]
2025-03-20T15:25:10.903565 - Pose:
tensor([[[ 0.0244,  0.0909,  0.9956, -0.1910],
         [ 0.5992,  0.7958, -0.0873,  0.0345],
         [-0.8002,  0.5987, -0.0351,  0.7513],
         [ 0.0000,  0.0000,  0.0000,  1.0000]]])
2025-03-20T15:25:10.969609 - Final transform:
[[ 0.01  0.09  1.   -0.19]
 [ 0.6   0.79 -0.08  0.03]
 [-0.8   0.6  -0.05  0.75]
 [ 0.    0.    0.    1.  ]]
2025-03-20T15:25:10.969609 - Pose:
tensor([[[ 0.0105,  0.0937,  0.9955, -0.1914],
         [ 0.6045,  0.7925, -0.0810,  0.0346],
         [-0.7965,  0.6027, -0.0483,  0.7524],
         [ 0.0000,  0.0000,  0.0000,  1.0000]]])
2025-03-20T15:25:11.036979 - Final transform:
[[ 0.01  0.1   1.   -0.19]
 [ 0.6   0.8  -0.08  0.03]
 [-0.8   0.6  -0.05  0.75]
 [ 0.    0.    0.    1.  ]]
2025-03-20T15:25:11.036979 - Pose:
tensor([[[ 0.0054,  0.0975,  0.9952, -0.1911],
         [ 0.5997,  0.7961, -0.0813,  0.0342],
         [-0.8002,  0.5973, -0.0542,  0.7509],
         [ 0.0000,  0.0000,  0.0000,  1.0000]]])
2025-03-20T15:25:11.103498 - Final transform:
[[ 0.03  0.08  1.   -0.19]
 [ 0.59  0.8  -0.08  0.03]
 [-0.8   0.59 -0.02  0.75]
 [ 0.    0.    0.    1.  ]]
2025-03-20T15:25:11.103498 - Pose:
tensor([[[ 0.0294,  0.0781,  0.9965, -0.1906],
         [ 0.5931,  0.8011, -0.0803,  0.0351],
         [-0.8046,  0.5934, -0.0228,  0.7497],
         [ 0.0000,  0.0000,  0.0000,  1.0000]]])
2025-03-20T15:25:11.170082 - Final transform:
[[ 0.01  0.08  1.   -0.19]
 [ 0.61  0.79 -0.07  0.03]
 [-0.79  0.61 -0.04  0.75]
 [ 0.    0.    0.    1.  ]]
2025-03-20T15:25:11.170082 - Pose:
tensor([[[ 0.0130,  0.0835,  0.9964, -0.1914],
         [ 0.6071,  0.7912, -0.0742,  0.0352],
         [-0.7946,  0.6058, -0.0404,  0.7525],
         [ 0.0000,  0.0000,  0.0000,  1.0000]]])
2025-03-20T15:25:11.239832 - Final transform:
[[ 0.03  0.08  1.   -0.19]
 [ 0.61  0.79 -0.08  0.03]
 [-0.79  0.61 -0.03  0.75]
 [ 0.    0.    0.    1.  ]]
2025-03-20T15:25:11.239832 - Pose:
tensor([[[ 0.0262,  0.0770,  0.9967, -0.1913],
         [ 0.6081,  0.7901, -0.0770,  0.0351],
         [-0.7934,  0.6081, -0.0261,  0.7528],
         [ 0.0000,  0.0000,  0.0000,  1.0000]]])
2025-03-20T15:25:11.306311 - Final transform:
[[ 0.01  0.09  1.   -0.19]
 [ 0.61  0.79 -0.08  0.03]
 [-0.79  0.61 -0.05  0.75]
 [ 0.    0.    0.    1.  ]]
2025-03-20T15:25:11.306311 - Pose:
tensor([[[ 0.0093,  0.0938,  0.9955, -0.1913],
         [ 0.6104,  0.7881, -0.0800,  0.0350],
         [-0.7920,  0.6084, -0.0499,  0.7517],
         [ 0.0000,  0.0000,  0.0000,  1.0000]]])
2025-03-20T15:25:11.372665 - Final transform:
[[ 0.02  0.08  1.   -0.19]
 [ 0.6   0.79 -0.07  0.03]
 [-0.8   0.6  -0.03  0.75]
 [ 0.    0.    0.    1.  ]]
2025-03-20T15:25:11.372665 - Pose:
tensor([[[ 0.0159,  0.0771,  0.9969, -0.1909],
         [ 0.6028,  0.7948, -0.0711,  0.0353],
         [-0.7978,  0.6020, -0.0338,  0.7501],
         [ 0.0000,  0.0000,  0.0000,  1.0000]]])
2025-03-20T15:25:11.439696 - Final transform:
[[ 0.03  0.08  1.   -0.19]
 [ 0.61  0.79 -0.08  0.03]
 [-0.79  0.61 -0.03  0.75]
 [ 0.    0.    0.    1.  ]]
2025-03-20T15:25:11.439696 - Pose:
tensor([[[ 0.0257,  0.0779,  0.9966, -0.1907],
         [ 0.6070,  0.7910, -0.0775,  0.0352],
         [-0.7943,  0.6069, -0.0269,  0.7508],
         [ 0.0000,  0.0000,  0.0000,  1.0000]]])
2025-03-20T15:25:11.507784 - Final transform:
[[-0.01  0.09  1.   -0.19]
 [ 0.61  0.79 -0.07  0.03]
 [-0.79  0.61 -0.06  0.75]
 [ 0.    0.    0.    1.  ]]
2025-03-20T15:25:11.507784 - Pose:
tensor([[[-0.0055,  0.0934,  0.9956, -0.1911],
         [ 0.6107,  0.7887, -0.0706,  0.0345],
         [-0.7918,  0.6076, -0.0613,  0.7508],
         [ 0.0000,  0.0000,  0.0000,  1.0000]]])
2025-03-20T15:25:11.572270 - Final transform:
[[ 0.02  0.08  1.   -0.19]
 [ 0.6   0.8  -0.07  0.03]
 [-0.8   0.6  -0.03  0.75]
 [ 0.    0.    0.    1.  ]]
2025-03-20T15:25:11.572270 - Pose:
tensor([[[ 0.0207,  0.0771,  0.9968, -0.1905],
         [ 0.6014,  0.7955, -0.0741,  0.0351],
         [-0.7987,  0.6010, -0.0299,  0.7505],
         [ 0.0000,  0.0000,  0.0000,  1.0000]]])
2025-03-20T15:25:11.637883 - Final transform:
[[ 0.01  0.08  1.   -0.19]
 [ 0.6   0.79 -0.07  0.03]
 [-0.8   0.6  -0.04  0.75]
 [ 0.    0.    0.    1.  ]]
2025-03-20T15:25:11.637883 - Pose:
tensor([[[ 0.0106,  0.0801,  0.9967, -0.1912],
         [ 0.6027,  0.7948, -0.0703,  0.0349],
         [-0.7979,  0.6015, -0.0399,  0.7508],
         [ 0.0000,  0.0000,  0.0000,  1.0000]]])
2025-03-20T15:25:11.704265 - Final transform:
[[ 0.01  0.08  1.   -0.19]
 [ 0.6   0.79 -0.07  0.03]
 [-0.8   0.6  -0.04  0.75]
 [ 0.    0.    0.    1.  ]]
2025-03-20T15:25:11.704265 - Pose:
tensor([[[ 0.0149,  0.0787,  0.9968, -0.1909],
         [ 0.6031,  0.7944, -0.0718,  0.0351],
         [-0.7975,  0.6023, -0.0356,  0.7514],
         [ 0.0000,  0.0000,  0.0000,  1.0000]]])
2025-03-20T15:25:11.771441 - Final transform:
[[ 0.    0.09  1.   -0.19]
 [ 0.62  0.78 -0.07  0.03]
 [-0.79  0.62 -0.05  0.75]
 [ 0.    0.    0.    1.  ]]
2025-03-20T15:25:11.771441 - Pose:
tensor([[[ 0.0013,  0.0853,  0.9964, -0.1908],
         [ 0.6184,  0.7830, -0.0678,  0.0355],
         [-0.7859,  0.6162, -0.0517,  0.7499],
         [ 0.0000,  0.0000,  0.0000,  1.0000]]])
2025-03-20T15:25:11.835467 - Final transform:
[[-0.01  0.09  1.   -0.19]
 [ 0.61  0.79 -0.07  0.03]
 [-0.8   0.6  -0.06  0.75]
 [ 0.    0.    0.    1.  ]]
2025-03-20T15:25:11.835467 - Pose:
tensor([[[-0.0050,  0.0924,  0.9957, -0.1915],
         [ 0.6052,  0.7930, -0.0706,  0.0344],
         [-0.7961,  0.6022, -0.0599,  0.7523],
         [ 0.0000,  0.0000,  0.0000,  1.0000]]])
2025-03-20T15:25:11.898186 - Final transform:
[[ 0.03  0.08  1.   -0.19]
 [ 0.6   0.8  -0.08  0.03]
 [-0.8   0.6  -0.02  0.75]
 [ 0.    0.    0.    1.  ]]
2025-03-20T15:25:11.898186 - Pose:
tensor([[[ 0.0290,  0.0757,  0.9967, -0.1909],
         [ 0.5996,  0.7965, -0.0779,  0.0350],
         [-0.7997,  0.5999, -0.0223,  0.7521],
         [ 0.0000,  0.0000,  0.0000,  1.0000]]])
2025-03-20T15:25:11.965311 - Final transform:
[[ 0.02  0.09  1.   -0.19]
 [ 0.61  0.79 -0.08  0.03]
 [-0.79  0.61 -0.03  0.75]
 [ 0.    0.    0.    1.  ]]
2025-03-20T15:25:11.965311 - Pose:
tensor([[[ 0.0225,  0.0861,  0.9960, -0.1915],
         [ 0.6067,  0.7907, -0.0821,  0.0344],
         [-0.7946,  0.6062, -0.0344,  0.7526],
         [ 0.0000,  0.0000,  0.0000,  1.0000]]])
2025-03-20T15:25:12.031046 - Final transform:
[[-0.    0.08  1.   -0.19]
 [ 0.61  0.79 -0.07  0.03]
 [-0.79  0.61 -0.05  0.75]
 [ 0.    0.    0.    1.  ]]
2025-03-20T15:25:12.031046 - Pose:
tensor([[[-0.0017,  0.0837,  0.9965, -0.1914],
         [ 0.6099,  0.7898, -0.0653,  0.0347],
         [-0.7925,  0.6076, -0.0524,  0.7516],
         [ 0.0000,  0.0000,  0.0000,  1.0000]]])
2025-03-20T15:25:12.097071 - Final transform:
[[-0.01  0.08  1.   -0.19]
 [ 0.6   0.8  -0.06  0.03]
 [-0.8   0.6  -0.05  0.75]
 [ 0.    0.    0.    1.  ]]
2025-03-20T15:25:12.097071 - Pose:
tensor([[[-0.0092,  0.0784,  0.9969, -0.1908],
         [ 0.6035,  0.7953, -0.0570,  0.0353],
         [-0.7973,  0.6011, -0.0546,  0.7502],
         [ 0.0000,  0.0000,  0.0000,  1.0000]]])
2025-03-20T15:25:12.162423 - Final transform:
[[ 0.02  0.08  1.   -0.19]
 [ 0.6   0.8  -0.08  0.03]
 [-0.8   0.6  -0.03  0.75]
 [ 0.    0.    0.    1.  ]]
2025-03-20T15:25:12.162423 - Pose:
tensor([[[ 0.0244,  0.0787,  0.9966, -0.1916],
         [ 0.6007,  0.7957, -0.0775,  0.0345],
         [-0.7991,  0.6005, -0.0278,  0.7523],
         [ 0.0000,  0.0000,  0.0000,  1.0000]]])
2025-03-20T15:25:12.228166 - Final transform:
[[ 0.01  0.09  1.   -0.19]
 [ 0.6   0.79 -0.07  0.03]
 [-0.8   0.6  -0.04  0.75]
 [ 0.    0.    0.    1.  ]]
2025-03-20T15:25:12.228166 - Pose:
tensor([[[ 0.0091,  0.0861,  0.9962, -0.1910],
         [ 0.6031,  0.7942, -0.0742,  0.0344],
         [-0.7976,  0.6015, -0.0447,  0.7509],
         [ 0.0000,  0.0000,  0.0000,  1.0000]]])
2025-03-20T15:25:12.293573 - Final transform:
[[-0.01  0.1   1.   -0.19]
 [ 0.62  0.78 -0.07  0.03]
 [-0.79  0.61 -0.07  0.75]
 [ 0.    0.    0.    1.  ]]
2025-03-20T15:25:12.293573 - Pose:
tensor([[[-0.0100,  0.0981,  0.9951, -0.1904],
         [ 0.6161,  0.7844, -0.0711,  0.0354],
         [-0.7876,  0.6124, -0.0683,  0.7502],
         [ 0.0000,  0.0000,  0.0000,  1.0000]]])
2025-03-20T15:25:12.358338 - Final transform:
[[ 0.03  0.09  1.   -0.19]
 [ 0.6   0.8  -0.08  0.03]
 [-0.8   0.6  -0.03  0.75]
 [ 0.    0.    0.    1.  ]]
2025-03-20T15:25:12.358338 - Pose:
tensor([[[ 0.0257,  0.0861,  0.9960, -0.1904],
         [ 0.5979,  0.7971, -0.0843,  0.0352],
         [-0.8012,  0.5976, -0.0310,  0.7495],
         [ 0.0000,  0.0000,  0.0000,  1.0000]]])
2025-03-20T15:25:12.421208 - Final transform:
[[ 0.    0.09  1.   -0.19]
 [ 0.6   0.8  -0.07  0.03]
 [-0.8   0.6  -0.05  0.75]
 [ 0.    0.    0.    1.  ]]
2025-03-20T15:25:12.421208 - Pose:
tensor([[[ 0.0028,  0.0915,  0.9958, -0.1911],
         [ 0.6012,  0.7956, -0.0748,  0.0345],
         [-0.7991,  0.5989, -0.0527,  0.7516],
         [ 0.0000,  0.0000,  0.0000,  1.0000]]])
2025-03-20T15:25:12.486791 - Final transform:
[[-0.    0.09  1.   -0.19]
 [ 0.61  0.79 -0.07  0.03]
 [-0.79  0.6  -0.06  0.75]
 [ 0.    0.    0.    1.  ]]
2025-03-20T15:25:12.486791 - Pose:
tensor([[[-0.0014,  0.0906,  0.9959, -0.1911],
         [ 0.6067,  0.7918, -0.0712,  0.0353],
         [-0.7949,  0.6041, -0.0561,  0.7511],
         [ 0.0000,  0.0000,  0.0000,  1.0000]]])
2025-03-20T15:25:12.552979 - Final transform:
[[ 0.01  0.08  1.   -0.19]
 [ 0.61  0.79 -0.07  0.03]
 [-0.79  0.61 -0.04  0.75]
 [ 0.    0.    0.    1.  ]]
2025-03-20T15:25:12.552979 - Pose:
tensor([[[ 0.0131,  0.0813,  0.9966, -0.1910],
         [ 0.6094,  0.7896, -0.0724,  0.0354],
         [-0.7928,  0.6083, -0.0392,  0.7513],
         [ 0.0000,  0.0000,  0.0000,  1.0000]]])
2025-03-20T15:25:12.621214 - Final transform:
[[ 0.02  0.09  1.   -0.19]
 [ 0.61  0.79 -0.08  0.03]
 [-0.79  0.61 -0.04  0.75]
 [ 0.    0.    0.    1.  ]]
2025-03-20T15:25:12.621214 - Pose:
tensor([[[ 0.0188,  0.0865,  0.9961, -0.1915],
         [ 0.6117,  0.7871, -0.0799,  0.0350],
         [-0.7909,  0.6108, -0.0382,  0.7517],
         [ 0.0000,  0.0000,  0.0000,  1.0000]]])
2025-03-20T15:25:12.688178 - Final transform:
[[ 0.02  0.09  1.   -0.19]
 [ 0.6   0.8  -0.08  0.03]
 [-0.8   0.6  -0.04  0.75]
 [ 0.    0.    0.    1.  ]]
2025-03-20T15:25:12.688178 - Pose:
tensor([[[ 0.0151,  0.0876,  0.9960, -0.1909],
         [ 0.5983,  0.7974, -0.0791,  0.0348],
         [-0.8011,  0.5971, -0.0404,  0.7513],
         [ 0.0000,  0.0000,  0.0000,  1.0000]]])
2025-03-20T15:25:12.755565 - Final transform:
[[ 0.01  0.09  1.   -0.19]
 [ 0.61  0.79 -0.08  0.03]
 [-0.79  0.61 -0.04  0.75]
 [ 0.    0.    0.    1.  ]]
2025-03-20T15:25:12.755565 - Pose:
tensor([[[ 0.0147,  0.0911,  0.9957, -0.1905],
         [ 0.6065,  0.7909, -0.0813,  0.0355],
         [-0.7950,  0.6051, -0.0436,  0.7497],
         [ 0.0000,  0.0000,  0.0000,  1.0000]]])
2025-03-20T15:25:12.825103 - Final transform:
[[-0.01  0.1   1.   -0.19]
 [ 0.61  0.79 -0.07  0.03]
 [-0.8   0.6  -0.06  0.75]
 [ 0.    0.    0.    1.  ]]
2025-03-20T15:25:12.825103 - Pose:
tensor([[[-0.0052,  0.0972,  0.9953, -0.1914],
         [ 0.6053,  0.7925, -0.0742,  0.0349],
         [-0.7960,  0.6021, -0.0630,  0.7521],
         [ 0.0000,  0.0000,  0.0000,  1.0000]]])
2025-03-20T15:25:12.892943 - Final transform:
[[ 0.03  0.08  1.   -0.19]
 [ 0.6   0.8  -0.08  0.03]
 [-0.8   0.6  -0.03  0.75]
 [ 0.    0.    0.    1.  ]]
2025-03-20T15:25:12.892943 - Pose:
tensor([[[ 0.0270,  0.0818,  0.9963, -0.1913],
         [ 0.5951,  0.7995, -0.0818,  0.0343],
         [-0.8032,  0.5951, -0.0270,  0.7520],
         [ 0.0000,  0.0000,  0.0000,  1.0000]]])
2025-03-20T15:25:12.959425 - Final transform:
[[-0.01  0.1   0.99 -0.19]
 [ 0.6   0.8  -0.08  0.03]
 [-0.8   0.59 -0.07  0.75]
 [ 0.    0.    0.    1.  ]]
2025-03-20T15:25:12.959425 - Pose:
tensor([[[-0.0082,  0.1000,  0.9950, -0.1916],
         [ 0.5974,  0.7984, -0.0753,  0.0347],
         [-0.8019,  0.5938, -0.0663,  0.7530],
         [ 0.0000,  0.0000,  0.0000,  1.0000]]])
2025-03-20T15:25:13.018749 - Final transform:
[[-0.    0.08  1.   -0.19]
 [ 0.6   0.8  -0.06  0.03]
 [-0.8   0.59 -0.05  0.75]
 [ 0.    0.    0.    1.  ]]
2025-03-20T15:25:13.018749 - Pose:
tensor([[[-0.0036,  0.0801,  0.9968, -0.1911],
         [ 0.5954,  0.8010, -0.0622,  0.0352],
         [-0.8034,  0.5933, -0.0506,  0.7513],
         [ 0.0000,  0.0000,  0.0000,  1.0000]]])
