2025-04-23T17:10:41.023097 - Final transform:
[[-0.14 -0.99 -0.01  0.01]
 [-0.62  0.09 -0.78 -0.07]
 [ 0.77 -0.1  -0.63  0.75]
 [ 0.    0.    0.    1.  ]]
2025-04-23T17:10:41.023097 - Pose:
tensor([[[-0.1351, -0.9908, -0.0113,  0.0138],
         [-0.6217,  0.0936, -0.7776, -0.0809],
         [ 0.7715, -0.0980, -0.6286,  0.7423],
         [ 0.0000,  0.0000,  0.0000,  1.0000]]])
2025-04-23T17:10:41.089585 - Final transform:
[[-0.12 -0.99 -0.01  0.01]
 [-0.62  0.08 -0.78 -0.07]
 [ 0.77 -0.09 -0.63  0.75]
 [ 0.    0.    0.    1.  ]]
2025-04-23T17:10:41.089585 - Pose:
tensor([[[-0.1223, -0.9924, -0.0102,  0.0138],
         [-0.6210,  0.0846, -0.7792, -0.0811],
         [ 0.7742, -0.0890, -0.6267,  0.7425],
         [ 0.0000,  0.0000,  0.0000,  1.0000]]])
2025-04-23T17:10:41.153503 - Final transform:
[[-0.11 -0.99 -0.01  0.01]
 [-0.62  0.07 -0.78 -0.07]
 [ 0.78 -0.08 -0.62  0.75]
 [ 0.    0.    0.    1.  ]]
2025-04-23T17:10:41.153503 - Pose:
tensor([[[-0.1068, -0.9942, -0.0089,  0.0136],
         [-0.6172,  0.0734, -0.7834, -0.0807],
         [ 0.7795, -0.0782, -0.6215,  0.7428],
         [ 0.0000,  0.0000,  0.0000,  1.0000]]])
2025-04-23T17:10:41.220575 - Final transform:
[[-0.1  -0.99 -0.01  0.01]
 [-0.62  0.07 -0.78 -0.07]
 [ 0.78 -0.07 -0.63  0.75]
 [ 0.    0.    0.    1.  ]]
2025-04-23T17:10:41.220575 - Pose:
tensor([[[-0.0995, -0.9950, -0.0093,  0.0139],
         [-0.6231,  0.0696, -0.7790, -0.0808],
         [ 0.7758, -0.0718, -0.6269,  0.7427],
         [ 0.0000,  0.0000,  0.0000,  1.0000]]])
2025-04-23T17:10:41.278975 - Final transform:
[[-0.1  -0.99 -0.01  0.01]
 [-0.62  0.07 -0.78 -0.07]
 [ 0.78 -0.07 -0.62  0.75]
 [ 0.    0.    0.    1.  ]]
2025-04-23T17:10:41.278975 - Pose:
tensor([[[-0.0997, -0.9950, -0.0063,  0.0136],
         [-0.6190,  0.0670, -0.7825, -0.0806],
         [ 0.7791, -0.0741, -0.6226,  0.7427],
         [ 0.0000,  0.0000,  0.0000,  1.0000]]])
2025-04-23T17:10:41.347570 - Final transform:
[[-0.11 -0.99 -0.01  0.01]
 [-0.62  0.08 -0.78 -0.07]
 [ 0.78 -0.08 -0.62  0.75]
 [ 0.    0.    0.    1.  ]]
2025-04-23T17:10:41.347570 - Pose:
tensor([[[-0.1062, -0.9943, -0.0124,  0.0137],
         [-0.6174,  0.0757, -0.7830, -0.0808],
         [ 0.7795, -0.0755, -0.6219,  0.7422],
         [ 0.0000,  0.0000,  0.0000,  1.0000]]])
2025-04-23T17:10:41.424933 - Final transform:
[[-0.11 -0.99 -0.01  0.01]
 [-0.62  0.08 -0.78 -0.07]
 [ 0.78 -0.08 -0.62  0.75]
 [ 0.    0.    0.    1.  ]]
2025-04-23T17:10:41.424933 - Pose:
tensor([[[-0.1064, -0.9943, -0.0122,  0.0138],
         [-0.6185,  0.0758, -0.7821, -0.0809],
         [ 0.7786, -0.0756, -0.6230,  0.7422],
         [ 0.0000,  0.0000,  0.0000,  1.0000]]])
2025-04-23T17:10:41.501935 - Final transform:
[[-0.1  -1.   -0.01  0.01]
 [-0.62  0.07 -0.78 -0.07]
 [ 0.78 -0.07 -0.62  0.75]
 [ 0.    0.    0.    1.  ]]
2025-04-23T17:10:41.501935 - Pose:
tensor([[[-0.0976, -0.9952, -0.0078,  0.0137],
         [-0.6170,  0.0667, -0.7841, -0.0809],
         [ 0.7808, -0.0717, -0.6206,  0.7423],
         [ 0.0000,  0.0000,  0.0000,  1.0000]]])
2025-04-23T17:10:41.569771 - Final transform:
[[-0.09 -1.   -0.01  0.01]
 [-0.63  0.07 -0.77 -0.07]
 [ 0.77 -0.07 -0.63  0.75]
 [ 0.    0.    0.    1.  ]]
2025-04-23T17:10:41.569771 - Pose:
tensor([[[-0.0947, -0.9955, -0.0082,  0.0136],
         [-0.6295,  0.0663, -0.7742, -0.0810],
         [ 0.7712, -0.0681, -0.6329,  0.7427],
         [ 0.0000,  0.0000,  0.0000,  1.0000]]])
2025-04-23T17:10:41.637328 - Final transform:
[[-0.09 -1.   -0.01  0.01]
 [-0.63  0.06 -0.78 -0.07]
 [ 0.77 -0.06 -0.63  0.75]
 [ 0.    0.    0.    1.  ]]
2025-04-23T17:10:41.637328 - Pose:
tensor([[[-0.0878, -0.9961, -0.0090,  0.0136],
         [-0.6274,  0.0623, -0.7762, -0.0812],
         [ 0.7737, -0.0625, -0.6304,  0.7425],
         [ 0.0000,  0.0000,  0.0000,  1.0000]]])
2025-04-23T17:10:41.703112 - Final transform:
[[-0.1  -0.99 -0.01  0.01]
 [-0.62  0.07 -0.78 -0.07]
 [ 0.77 -0.07 -0.63  0.75]
 [ 0.    0.    0.    1.  ]]
2025-04-23T17:10:41.703112 - Pose:
tensor([[[-0.1020, -0.9947, -0.0135,  0.0135],
         [-0.6238,  0.0745, -0.7780, -0.0809],
         [ 0.7749, -0.0710, -0.6281,  0.7424],
         [ 0.0000,  0.0000,  0.0000,  1.0000]]])
2025-04-23T17:10:41.769018 - Final transform:
[[-0.1  -1.   -0.01  0.01]
 [-0.63  0.07 -0.78 -0.07]
 [ 0.77 -0.07 -0.63  0.75]
 [ 0.    0.    0.    1.  ]]
2025-04-23T17:10:41.769018 - Pose:
tensor([[[-0.0971, -0.9952, -0.0079,  0.0136],
         [-0.6278,  0.0674, -0.7755, -0.0811],
         [ 0.7723, -0.0703, -0.6313,  0.7419],
         [ 0.0000,  0.0000,  0.0000,  1.0000]]])
2025-04-23T17:10:41.838117 - Final transform:
[[-0.1  -0.99 -0.01  0.01]
 [-0.63  0.07 -0.78 -0.07]
 [ 0.77 -0.08 -0.63  0.75]
 [ 0.    0.    0.    1.  ]]
2025-04-23T17:10:41.838117 - Pose:
tensor([[[-0.1030, -0.9947, -0.0073,  0.0136],
         [-0.6259,  0.0705, -0.7767, -0.0810],
         [ 0.7730, -0.0754, -0.6299,  0.7423],
         [ 0.0000,  0.0000,  0.0000,  1.0000]]])
2025-04-23T17:10:41.907594 - Final transform:
[[-0.12 -0.99 -0.01  0.01]
 [-0.62  0.08 -0.78 -0.07]
 [ 0.77 -0.08 -0.63  0.75]
 [ 0.    0.    0.    1.  ]]
2025-04-23T17:10:41.907594 - Pose:
tensor([[[-0.1166, -0.9931, -0.0094,  0.0137],
         [-0.6229,  0.0805, -0.7781, -0.0809],
         [ 0.7735, -0.0848, -0.6280,  0.7420],
         [ 0.0000,  0.0000,  0.0000,  1.0000]]])
2025-04-23T17:10:41.976765 - Final transform:
[[-0.11 -0.99 -0.01  0.01]
 [-0.63  0.07 -0.78 -0.07]
 [ 0.77 -0.08 -0.63  0.75]
 [ 0.    0.    0.    1.  ]]
2025-04-23T17:10:41.976765 - Pose:
tensor([[[-0.1054, -0.9944, -0.0066,  0.0137],
         [-0.6255,  0.0714, -0.7770, -0.0812],
         [ 0.7731, -0.0777, -0.6295,  0.7423],
         [ 0.0000,  0.0000,  0.0000,  1.0000]]])
2025-04-23T17:10:42.043087 - Final transform:
[[-0.1  -1.   -0.01  0.01]
 [-0.62  0.07 -0.78 -0.07]
 [ 0.78 -0.07 -0.63  0.75]
 [ 0.    0.    0.    1.  ]]
2025-04-23T17:10:42.043087 - Pose:
tensor([[[-0.0981, -0.9951, -0.0134,  0.0140],
         [-0.6235,  0.0720, -0.7785, -0.0810],
         [ 0.7756, -0.0680, -0.6275,  0.7430],
         [ 0.0000,  0.0000,  0.0000,  1.0000]]])
2025-04-23T17:10:42.106738 - Final transform:
[[-0.09 -1.   -0.01  0.01]
 [-0.62  0.06 -0.78 -0.07]
 [ 0.78 -0.06 -0.63  0.75]
 [ 0.    0.    0.    1.  ]]
2025-04-23T17:10:42.106738 - Pose:
tensor([[[-0.0895, -0.9959, -0.0097,  0.0138],
         [-0.6243,  0.0637, -0.7786, -0.0811],
         [ 0.7760, -0.0636, -0.6275,  0.7419],
         [ 0.0000,  0.0000,  0.0000,  1.0000]]])
2025-04-23T17:10:42.172548 - Final transform:
[[-0.1  -0.99 -0.01  0.01]
 [-0.63  0.07 -0.78 -0.07]
 [ 0.77 -0.07 -0.63  0.75]
 [ 0.    0.    0.    1.  ]]
2025-04-23T17:10:42.172548 - Pose:
tensor([[[-0.1010, -0.9948, -0.0116,  0.0139],
         [-0.6255,  0.0725, -0.7769, -0.0812],
         [ 0.7737, -0.0712, -0.6295,  0.7428],
         [ 0.0000,  0.0000,  0.0000,  1.0000]]])
2025-04-23T17:10:42.237436 - Final transform:
[[-0.13 -0.99 -0.01  0.01]
 [-0.62  0.09 -0.78 -0.07]
 [ 0.77 -0.1  -0.63  0.75]
 [ 0.    0.    0.    1.  ]]
2025-04-23T17:10:42.237436 - Pose:
tensor([[[-0.1323, -0.9912, -0.0060,  0.0135],
         [-0.6226,  0.0877, -0.7776, -0.0810],
         [ 0.7713, -0.0991, -0.6287,  0.7419],
         [ 0.0000,  0.0000,  0.0000,  1.0000]]])
2025-04-23T17:10:42.300289 - Final transform:
[[-0.1  -1.   -0.01  0.01]
 [-0.63  0.07 -0.77 -0.07]
 [ 0.77 -0.07 -0.63  0.75]
 [ 0.    0.    0.    1.  ]]
2025-04-23T17:10:42.300289 - Pose:
tensor([[[-0.0988, -0.9951, -0.0079,  0.0136],
         [-0.6296,  0.0686, -0.7739, -0.0812],
         [ 0.7706, -0.0715, -0.6333,  0.7418],
         [ 0.0000,  0.0000,  0.0000,  1.0000]]])
2025-04-23T17:10:42.366424 - Final transform:
[[-0.1  -1.   -0.01  0.01]
 [-0.63  0.07 -0.78 -0.07]
 [ 0.77 -0.07 -0.63  0.75]
 [ 0.    0.    0.    1.  ]]
2025-04-23T17:10:42.366424 - Pose:
tensor([[[-0.0959, -0.9953, -0.0108,  0.0136],
         [-0.6272,  0.0689, -0.7758, -0.0809],
         [ 0.7729, -0.0676, -0.6309,  0.7424],
         [ 0.0000,  0.0000,  0.0000,  1.0000]]])
2025-04-23T17:10:42.435394 - Final transform:
[[-0.14 -0.99 -0.    0.01]
 [-0.62  0.09 -0.78 -0.07]
 [ 0.77 -0.11 -0.63  0.75]
 [ 0.    0.    0.    1.  ]]
2025-04-23T17:10:42.435394 - Pose:
tensor([[[-0.1395, -0.9902, -0.0025,  0.0136],
         [-0.6233,  0.0898, -0.7768, -0.0813],
         [ 0.7694, -0.1068, -0.6297,  0.7422],
         [ 0.0000,  0.0000,  0.0000,  1.0000]]])
2025-04-23T17:10:42.500374 - Final transform:
[[-0.09 -1.   -0.01  0.01]
 [-0.62  0.07 -0.78 -0.07]
 [ 0.78 -0.07 -0.63  0.75]
 [ 0.    0.    0.    1.  ]]
2025-04-23T17:10:42.500374 - Pose:
tensor([[[-0.0946, -0.9955, -0.0090,  0.0137],
         [-0.6229,  0.0663, -0.7795, -0.0808],
         [ 0.7766, -0.0681, -0.6263,  0.7423],
         [ 0.0000,  0.0000,  0.0000,  1.0000]]])
2025-04-23T17:10:42.566914 - Final transform:
[[-0.09 -1.   -0.01  0.01]
 [-0.62  0.06 -0.78 -0.07]
 [ 0.78 -0.07 -0.63  0.75]
 [ 0.    0.    0.    1.  ]]
2025-04-23T17:10:42.566914 - Pose:
tensor([[[-0.0919, -0.9957, -0.0094,  0.0136],
         [-0.6243,  0.0650, -0.7785, -0.0811],
         [ 0.7758, -0.0657, -0.6276,  0.7425],
         [ 0.0000,  0.0000,  0.0000,  1.0000]]])
2025-04-23T17:10:42.635350 - Final transform:
[[-0.07 -1.   -0.01  0.01]
 [-0.63  0.05 -0.78 -0.07]
 [ 0.78 -0.05 -0.63  0.75]
 [ 0.    0.    0.    1.  ]]
2025-04-23T17:10:42.635350 - Pose:
tensor([[[-0.0691, -0.9975, -0.0126,  0.0138],
         [-0.6268,  0.0532, -0.7773, -0.0806],
         [ 0.7761, -0.0458, -0.6289,  0.7426],
         [ 0.0000,  0.0000,  0.0000,  1.0000]]])
2025-04-23T17:10:42.701010 - Final transform:
[[-0.1  -0.99 -0.01  0.01]
 [-0.62  0.08 -0.78 -0.07]
 [ 0.78 -0.07 -0.63  0.75]
 [ 0.    0.    0.    1.  ]]
2025-04-23T17:10:42.701010 - Pose:
tensor([[[-0.1045, -0.9944, -0.0138,  0.0136],
         [-0.6227,  0.0763, -0.7787, -0.0806],
         [ 0.7755, -0.0728, -0.6272,  0.7426],
         [ 0.0000,  0.0000,  0.0000,  1.0000]]])
2025-04-23T17:10:42.764867 - Final transform:
[[-0.05 -1.   -0.02  0.01]
 [-0.62  0.05 -0.78 -0.07]
 [ 0.78 -0.03 -0.62  0.75]
 [ 0.    0.    0.    1.  ]]
2025-04-23T17:10:42.764867 - Pose:
tensor([[[-0.0503, -0.9985, -0.0192,  0.0137],
         [-0.6191,  0.0463, -0.7839, -0.0806],
         [ 0.7837, -0.0276, -0.6206,  0.7424],
         [ 0.0000,  0.0000,  0.0000,  1.0000]]])
2025-04-23T17:10:42.832492 - Final transform:
[[-0.08 -1.   -0.01  0.01]
 [-0.62  0.06 -0.78 -0.07]
 [ 0.78 -0.05 -0.62  0.75]
 [ 0.    0.    0.    1.  ]]
2025-04-23T17:10:42.832492 - Pose:
tensor([[[-0.0754, -0.9971, -0.0119,  0.0139],
         [-0.6221,  0.0564, -0.7809, -0.0801],
         [ 0.7793, -0.0515, -0.6246,  0.7426],
         [ 0.0000,  0.0000,  0.0000,  1.0000]]])
2025-04-23T17:10:42.899922 - Final transform:
[[-0.11 -0.99 -0.01  0.01]
 [-0.61  0.08 -0.79 -0.07]
 [ 0.78 -0.08 -0.62  0.75]
 [ 0.    0.    0.    1.  ]]
2025-04-23T17:10:42.899922 - Pose:
tensor([[[-0.1138, -0.9934, -0.0114,  0.0136],
         [-0.6111,  0.0790, -0.7876, -0.0806],
         [ 0.7833, -0.0826, -0.6161,  0.7427],
         [ 0.0000,  0.0000,  0.0000,  1.0000]]])
2025-04-23T17:10:42.970475 - Final transform:
[[-0.1  -0.99 -0.01  0.01]
 [-0.62  0.07 -0.78 -0.07]
 [ 0.78 -0.07 -0.62  0.75]
 [ 0.    0.    0.    1.  ]]
2025-04-23T17:10:42.970475 - Pose:
tensor([[[-0.1015, -0.9948, -0.0112,  0.0137],
         [-0.6175,  0.0718, -0.7833, -0.0804],
         [ 0.7800, -0.0726, -0.6215,  0.7428],
         [ 0.0000,  0.0000,  0.0000,  1.0000]]])
2025-04-23T17:10:43.036641 - Final transform:
[[-0.07 -1.   -0.02  0.01]
 [-0.61  0.05 -0.79 -0.07]
 [ 0.79 -0.04 -0.61  0.75]
 [ 0.    0.    0.    1.  ]]
2025-04-23T17:10:43.036641 - Pose:
tensor([[[-0.0652, -0.9977, -0.0180,  0.0139],
         [-0.6127,  0.0543, -0.7884, -0.0806],
         [ 0.7876, -0.0404, -0.6149,  0.7424],
         [ 0.0000,  0.0000,  0.0000,  1.0000]]])
2025-04-23T17:10:43.101142 - Final transform:
[[-0.09 -1.   -0.02  0.01]
 [-0.62  0.07 -0.78 -0.07]
 [ 0.78 -0.06 -0.62  0.75]
 [ 0.    0.    0.    1.  ]]
2025-04-23T17:10:43.101142 - Pose:
tensor([[[-0.0898, -0.9958, -0.0159,  0.0138],
         [-0.6184,  0.0683, -0.7829, -0.0805],
         [ 0.7807, -0.0605, -0.6220,  0.7423],
         [ 0.0000,  0.0000,  0.0000,  1.0000]]])
2025-04-23T17:10:43.167140 - Final transform:
[[-0.08 -1.   -0.02  0.01]
 [-0.62  0.06 -0.79 -0.07]
 [ 0.78 -0.05 -0.62  0.75]
 [ 0.    0.    0.    1.  ]]
2025-04-23T17:10:43.167140 - Pose:
tensor([[[-0.0804, -0.9966, -0.0166,  0.0138],
         [-0.6161,  0.0628, -0.7851, -0.0806],
         [ 0.7835, -0.0529, -0.6191,  0.7425],
         [ 0.0000,  0.0000,  0.0000,  1.0000]]])
2025-04-23T17:10:43.234801 - Final transform:
[[-0.07 -1.   -0.02  0.01]
 [-0.62  0.06 -0.78 -0.07]
 [ 0.78 -0.05 -0.62  0.75]
 [ 0.    0.    0.    1.  ]]
2025-04-23T17:10:43.234801 - Pose:
tensor([[[-0.0719, -0.9973, -0.0157,  0.0138],
         [-0.6172,  0.0569, -0.7848, -0.0802],
         [ 0.7835, -0.0467, -0.6196,  0.7428],
         [ 0.0000,  0.0000,  0.0000,  1.0000]]])
2025-04-23T17:10:43.301180 - Final transform:
[[-0.1  -0.99 -0.01  0.01]
 [-0.62  0.07 -0.78 -0.07]
 [ 0.78 -0.07 -0.62  0.75]
 [ 0.    0.    0.    1.  ]]
2025-04-23T17:10:43.301180 - Pose:
tensor([[[-0.1000, -0.9949, -0.0116,  0.0139],
         [-0.6192,  0.0714, -0.7820, -0.0811],
         [ 0.7788, -0.0710, -0.6232,  0.7422],
         [ 0.0000,  0.0000,  0.0000,  1.0000]]])
2025-04-23T17:10:43.367602 - Final transform:
[[-0.06 -1.   -0.02  0.01]
 [-0.62  0.05 -0.78 -0.07]
 [ 0.78 -0.04 -0.62  0.75]
 [ 0.    0.    0.    1.  ]]
2025-04-23T17:10:43.367602 - Pose:
tensor([[[-0.0568, -0.9983, -0.0150,  0.0142],
         [-0.6230,  0.0472, -0.7808, -0.0809],
         [ 0.7801, -0.0350, -0.6246,  0.7423],
         [ 0.0000,  0.0000,  0.0000,  1.0000]]])
2025-04-23T17:10:43.441273 - Final transform:
[[-0.11 -0.99 -0.01  0.01]
 [-0.62  0.08 -0.78 -0.07]
 [ 0.77 -0.08 -0.63  0.75]
 [ 0.    0.    0.    1.  ]]
2025-04-23T17:10:43.441273 - Pose:
tensor([[[-0.1076, -0.9941, -0.0135,  0.0137],
         [-0.6232,  0.0781, -0.7781, -0.0807],
         [ 0.7746, -0.0753, -0.6279,  0.7421],
         [ 0.0000,  0.0000,  0.0000,  1.0000]]])
2025-04-23T17:10:43.506651 - Final transform:
[[-0.07 -1.   -0.02  0.01]
 [-0.62  0.06 -0.78 -0.07]
 [ 0.78 -0.05 -0.62  0.75]
 [ 0.    0.    0.    1.  ]]
2025-04-23T17:10:43.506651 - Pose:
tensor([[[-0.0721, -0.9973, -0.0158,  0.0140],
         [-0.6215,  0.0573, -0.7813, -0.0805],
         [ 0.7800, -0.0466, -0.6240,  0.7423],
         [ 0.0000,  0.0000,  0.0000,  1.0000]]])
2025-04-23T17:10:43.572335 - Final transform:
[[-0.09 -1.   -0.01  0.01]
 [-0.62  0.06 -0.78 -0.07]
 [ 0.78 -0.06 -0.62  0.75]
 [ 0.    0.    0.    1.  ]]
2025-04-23T17:10:43.572335 - Pose:
tensor([[[-0.0872, -0.9961, -0.0124,  0.0139],
         [-0.6191,  0.0639, -0.7827, -0.0810],
         [ 0.7804, -0.0606, -0.6223,  0.7423],
         [ 0.0000,  0.0000,  0.0000,  1.0000]]])
2025-04-23T17:10:43.637879 - Final transform:
[[-0.07 -1.   -0.02  0.01]
 [-0.62  0.06 -0.78 -0.07]
 [ 0.78 -0.04 -0.62  0.75]
 [ 0.    0.    0.    1.  ]]
2025-04-23T17:10:43.637879 - Pose:
tensor([[[-0.0724, -0.9972, -0.0210,  0.0137],
         [-0.6208,  0.0615, -0.7815, -0.0802],
         [ 0.7806, -0.0435, -0.6235,  0.7430],
         [ 0.0000,  0.0000,  0.0000,  1.0000]]])
2025-04-23T17:10:43.701385 - Final transform:
[[-0.07 -1.   -0.02  0.01]
 [-0.61  0.06 -0.79 -0.07]
 [ 0.79 -0.05 -0.62  0.75]
 [ 0.    0.    0.    1.  ]]
2025-04-23T17:10:43.701385 - Pose:
tensor([[[-0.0741, -0.9970, -0.0203,  0.0138],
         [-0.6144,  0.0617, -0.7866, -0.0803],
         [ 0.7855, -0.0459, -0.6172,  0.7434],
         [ 0.0000,  0.0000,  0.0000,  1.0000]]])
2025-04-23T17:10:43.766449 - Final transform:
[[-0.08 -1.   -0.02  0.01]
 [-0.61  0.06 -0.79 -0.07]
 [ 0.78 -0.06 -0.62  0.75]
 [ 0.    0.    0.    1.  ]]
2025-04-23T17:10:43.766449 - Pose:
tensor([[[-0.0818, -0.9965, -0.0151,  0.0140],
         [-0.6142,  0.0623, -0.7867, -0.0803],
         [ 0.7849, -0.0551, -0.6171,  0.7426],
         [ 0.0000,  0.0000,  0.0000,  1.0000]]])
2025-04-23T17:10:43.833541 - Final transform:
[[-0.11 -0.99 -0.02  0.01]
 [-0.61  0.08 -0.79 -0.07]
 [ 0.78 -0.07 -0.62  0.75]
 [ 0.    0.    0.    1.  ]]
2025-04-23T17:10:43.833541 - Pose:
tensor([[[-0.1051, -0.9943, -0.0151,  0.0134],
         [-0.6146,  0.0769, -0.7851, -0.0805],
         [ 0.7818, -0.0733, -0.6192,  0.7432],
         [ 0.0000,  0.0000,  0.0000,  1.0000]]])
2025-04-23T17:10:43.904295 - Final transform:
[[-0.09 -1.   -0.01  0.01]
 [-0.62  0.07 -0.78 -0.07]
 [ 0.78 -0.07 -0.62  0.75]
 [ 0.    0.    0.    1.  ]]
2025-04-23T17:10:43.904295 - Pose:
tensor([[[-0.0950, -0.9954, -0.0147,  0.0138],
         [-0.6190,  0.0706, -0.7822, -0.0809],
         [ 0.7796, -0.0652, -0.6228,  0.7423],
         [ 0.0000,  0.0000,  0.0000,  1.0000]]])
2025-04-23T17:10:43.970634 - Final transform:
[[-0.08 -1.   -0.01  0.01]
 [-0.62  0.06 -0.78 -0.07]
 [ 0.78 -0.05 -0.63  0.75]
 [ 0.    0.    0.    1.  ]]
2025-04-23T17:10:43.970634 - Pose:
tensor([[[-0.0775, -0.9969, -0.0135,  0.0139],
         [-0.6229,  0.0590, -0.7801, -0.0807],
         [ 0.7784, -0.0520, -0.6256,  0.7425],
         [ 0.0000,  0.0000,  0.0000,  1.0000]]])
2025-04-23T17:10:44.036459 - Final transform:
[[-0.09 -1.   -0.01  0.01]
 [-0.61  0.07 -0.79 -0.07]
 [ 0.78 -0.07 -0.62  0.75]
 [ 0.    0.    0.    1.  ]]
2025-04-23T17:10:44.036459 - Pose:
tensor([[[-0.0940, -0.9955, -0.0122,  0.0138],
         [-0.6148,  0.0676, -0.7858, -0.0805],
         [ 0.7830, -0.0664, -0.6184,  0.7434],
         [ 0.0000,  0.0000,  0.0000,  1.0000]]])
2025-04-23T17:10:44.100204 - Final transform:
[[-0.09 -1.   -0.01  0.01]
 [-0.62  0.07 -0.78 -0.07]
 [ 0.78 -0.07 -0.63  0.75]
 [ 0.    0.    0.    1.  ]]
2025-04-23T17:10:44.100204 - Pose:
tensor([[[-0.0926, -0.9957, -0.0096,  0.0137],
         [-0.6249,  0.0656, -0.7780, -0.0812],
         [ 0.7752, -0.0661, -0.6282,  0.7425],
         [ 0.0000,  0.0000,  0.0000,  1.0000]]])
2025-04-23T17:10:44.166044 - Final transform:
[[-0.1  -0.99 -0.01  0.01]
 [-0.61  0.07 -0.79 -0.07]
 [ 0.78 -0.07 -0.62  0.75]
 [ 0.    0.    0.    1.  ]]
2025-04-23T17:10:44.166044 - Pose:
tensor([[[-0.1005, -0.9948, -0.0141,  0.0136],
         [-0.6132,  0.0731, -0.7865, -0.0804],
         [ 0.7835, -0.0704, -0.6174,  0.7427],
         [ 0.0000,  0.0000,  0.0000,  1.0000]]])
2025-04-23T17:10:44.230661 - Final transform:
[[-0.09 -1.   -0.01  0.01]
 [-0.62  0.07 -0.78 -0.07]
 [ 0.78 -0.07 -0.63  0.75]
 [ 0.    0.    0.    1.  ]]
2025-04-23T17:10:44.230661 - Pose:
tensor([[[-0.0927, -0.9956, -0.0112,  0.0138],
         [-0.6234,  0.0668, -0.7791, -0.0806],
         [ 0.7764, -0.0653, -0.6268,  0.7423],
         [ 0.0000,  0.0000,  0.0000,  1.0000]]])
2025-04-23T17:10:44.295854 - Final transform:
[[-0.05 -1.   -0.02  0.01]
 [-0.62  0.05 -0.78 -0.07]
 [ 0.78 -0.03 -0.62  0.75]
 [ 0.    0.    0.    1.  ]]
2025-04-23T17:10:44.295854 - Pose:
tensor([[[-0.0537, -0.9984, -0.0161,  0.0141],
         [-0.6191,  0.0459, -0.7840, -0.0806],
         [ 0.7835, -0.0321, -0.6206,  0.7430],
         [ 0.0000,  0.0000,  0.0000,  1.0000]]])
2025-04-23T17:10:44.364055 - Final transform:
[[-0.05 -1.   -0.02  0.01]
 [-0.62  0.05 -0.78 -0.07]
 [ 0.78 -0.03 -0.63  0.75]
 [ 0.    0.    0.    1.  ]]
2025-04-23T17:10:44.364055 - Pose:
tensor([[[-0.0534, -0.9984, -0.0192,  0.0140],
         [-0.6241,  0.0484, -0.7799, -0.0803],
         [ 0.7795, -0.0297, -0.6256,  0.7427],
         [ 0.0000,  0.0000,  0.0000,  1.0000]]])
2025-04-23T17:10:44.435959 - Final transform:
[[-0.08 -1.   -0.02  0.01]
 [-0.62  0.07 -0.78 -0.07]
 [ 0.78 -0.05 -0.62  0.75]
 [ 0.    0.    0.    1.  ]]
2025-04-23T17:10:44.435959 - Pose:
tensor([[[-0.0833, -0.9963, -0.0197,  0.0136],
         [-0.6190,  0.0672, -0.7825, -0.0805],
         [ 0.7809, -0.0530, -0.6224,  0.7430],
         [ 0.0000,  0.0000,  0.0000,  1.0000]]])
2025-04-23T17:10:44.499530 - Final transform:
[[-0.11 -0.99 -0.01  0.01]
 [-0.62  0.08 -0.78 -0.07]
 [ 0.78 -0.08 -0.62  0.75]
 [ 0.    0.    0.    1.  ]]
2025-04-23T17:10:44.499530 - Pose:
tensor([[[-0.1107, -0.9937, -0.0145,  0.0138],
         [-0.6178,  0.0803, -0.7823, -0.0809],
         [ 0.7785, -0.0776, -0.6228,  0.7427],
         [ 0.0000,  0.0000,  0.0000,  1.0000]]])
2025-04-23T17:10:44.566543 - Final transform:
[[-0.08 -1.   -0.01  0.01]
 [-0.62  0.06 -0.78 -0.07]
 [ 0.78 -0.05 -0.63  0.75]
 [ 0.    0.    0.    1.  ]]
2025-04-23T17:10:44.566543 - Pose:
tensor([[[-0.0805, -0.9966, -0.0145,  0.0136],
         [-0.6229,  0.0617, -0.7798, -0.0808],
         [ 0.7781, -0.0538, -0.6258,  0.7428],
         [ 0.0000,  0.0000,  0.0000,  1.0000]]])
2025-04-23T17:10:44.630835 - Final transform:
[[-0.1  -1.   -0.01  0.01]
 [-0.62  0.07 -0.78 -0.07]
 [ 0.78 -0.07 -0.62  0.75]
 [ 0.    0.    0.    1.  ]]
2025-04-23T17:10:44.630835 - Pose:
tensor([[[-0.0965, -0.9952, -0.0135,  0.0138],
         [-0.6195,  0.0706, -0.7818, -0.0807],
         [ 0.7790, -0.0671, -0.6234,  0.7427],
         [ 0.0000,  0.0000,  0.0000,  1.0000]]])
2025-04-23T17:10:44.694608 - Final transform:
[[-0.08 -1.   -0.01  0.01]
 [-0.62  0.06 -0.79 -0.07]
 [ 0.78 -0.06 -0.62  0.75]
 [ 0.    0.    0.    1.  ]]
2025-04-23T17:10:44.694608 - Pose:
tensor([[[-0.0829, -0.9965, -0.0145,  0.0139],
         [-0.6156,  0.0626, -0.7856, -0.0804],
         [ 0.7837, -0.0562, -0.6186,  0.7429],
         [ 0.0000,  0.0000,  0.0000,  1.0000]]])
2025-04-23T17:10:44.766196 - Final transform:
[[-0.11 -0.99 -0.01  0.01]
 [-0.62  0.08 -0.78 -0.07]
 [ 0.78 -0.08 -0.62  0.75]
 [ 0.    0.    0.    1.  ]]
2025-04-23T17:10:44.766196 - Pose:
tensor([[[-0.1138, -0.9934, -0.0138,  0.0138],
         [-0.6160,  0.0814, -0.7835, -0.0811],
         [ 0.7795, -0.0807, -0.6212,  0.7420],
         [ 0.0000,  0.0000,  0.0000,  1.0000]]])
2025-04-23T17:10:44.832281 - Final transform:
[[-0.09 -1.   -0.02  0.01]
 [-0.62  0.07 -0.78 -0.07]
 [ 0.78 -0.06 -0.63  0.75]
 [ 0.    0.    0.    1.  ]]
2025-04-23T17:10:44.832281 - Pose:
tensor([[[-0.0931, -0.9955, -0.0150,  0.0139],
         [-0.6235,  0.0700, -0.7787, -0.0809],
         [ 0.7763, -0.0631, -0.6272,  0.7425],
         [ 0.0000,  0.0000,  0.0000,  1.0000]]])
2025-04-23T17:10:44.898157 - Final transform:
[[-0.08 -1.   -0.01  0.01]
 [-0.62  0.06 -0.79 -0.07]
 [ 0.78 -0.05 -0.62  0.75]
 [ 0.    0.    0.    1.  ]]
2025-04-23T17:10:44.898157 - Pose:
tensor([[[-0.0791, -0.9968, -0.0131,  0.0139],
         [-0.6155,  0.0592, -0.7859, -0.0804],
         [ 0.7842, -0.0541, -0.6182,  0.7434],
         [ 0.0000,  0.0000,  0.0000,  1.0000]]])
2025-04-23T17:10:44.962995 - Final transform:
[[-0.09 -1.   -0.02  0.01]
 [-0.62  0.07 -0.78 -0.07]
 [ 0.78 -0.06 -0.63  0.75]
 [ 0.    0.    0.    1.  ]]
2025-04-23T17:10:44.962995 - Pose:
tensor([[[-0.0920, -0.9956, -0.0163,  0.0138],
         [-0.6223,  0.0703, -0.7796, -0.0812],
         [ 0.7773, -0.0616, -0.6261,  0.7421],
         [ 0.0000,  0.0000,  0.0000,  1.0000]]])
2025-04-23T17:10:45.028362 - Final transform:
[[-0.09 -1.   -0.02  0.01]
 [-0.62  0.07 -0.78 -0.07]
 [ 0.78 -0.06 -0.62  0.75]
 [ 0.    0.    0.    1.  ]]
2025-04-23T17:10:45.028362 - Pose:
tensor([[[-0.0935, -0.9954, -0.0186,  0.0137],
         [-0.6170,  0.0726, -0.7836, -0.0806],
         [ 0.7814, -0.0618, -0.6210,  0.7426],
         [ 0.0000,  0.0000,  0.0000,  1.0000]]])
2025-04-23T17:10:45.092679 - Final transform:
[[-0.09 -1.   -0.02  0.01]
 [-0.62  0.07 -0.78 -0.07]
 [ 0.78 -0.06 -0.62  0.75]
 [ 0.    0.    0.    1.  ]]
2025-04-23T17:10:45.092679 - Pose:
tensor([[[-0.0876, -0.9959, -0.0202,  0.0137],
         [-0.6179,  0.0702, -0.7831, -0.0803],
         [ 0.7814, -0.0561, -0.6215,  0.7432],
         [ 0.0000,  0.0000,  0.0000,  1.0000]]])
2025-04-23T17:10:45.156248 - Final transform:
[[-0.1  -1.   -0.01  0.01]
 [-0.61  0.07 -0.79 -0.07]
 [ 0.78 -0.07 -0.62  0.75]
 [ 0.    0.    0.    1.  ]]
2025-04-23T17:10:45.156248 - Pose:
tensor([[[-0.0957, -0.9953, -0.0145,  0.0138],
         [-0.6149,  0.0706, -0.7855, -0.0806],
         [ 0.7828, -0.0662, -0.6187,  0.7425],
         [ 0.0000,  0.0000,  0.0000,  1.0000]]])
2025-04-23T17:10:45.222014 - Final transform:
[[-0.07 -1.   -0.02  0.01]
 [-0.62  0.06 -0.78 -0.07]
 [ 0.78 -0.05 -0.62  0.75]
 [ 0.    0.    0.    1.  ]]
2025-04-23T17:10:45.222014 - Pose:
tensor([[[-0.0736, -0.9971, -0.0171,  0.0138],
         [-0.6192,  0.0591, -0.7830, -0.0802],
         [ 0.7818, -0.0470, -0.6218,  0.7430],
         [ 0.0000,  0.0000,  0.0000,  1.0000]]])
2025-04-23T17:10:45.288227 - Final transform:
[[-0.09 -1.   -0.02  0.01]
 [-0.62  0.07 -0.78 -0.07]
 [ 0.78 -0.06 -0.62  0.75]
 [ 0.    0.    0.    1.  ]]
2025-04-23T17:10:45.288227 - Pose:
tensor([[[-0.0883, -0.9960, -0.0153,  0.0138],
         [-0.6192,  0.0669, -0.7824, -0.0802],
         [ 0.7803, -0.0596, -0.6226,  0.7425],
         [ 0.0000,  0.0000,  0.0000,  1.0000]]])
2025-04-23T17:10:45.353999 - Final transform:
[[-0.1  -0.99 -0.01  0.01]
 [-0.62  0.07 -0.78 -0.07]
 [ 0.78 -0.07 -0.62  0.75]
 [ 0.    0.    0.    1.  ]]
2025-04-23T17:10:45.353999 - Pose:
tensor([[[-0.1026, -0.9947, -0.0115,  0.0138],
         [-0.6159,  0.0726, -0.7845, -0.0804],
         [ 0.7811, -0.0734, -0.6200,  0.7434],
         [ 0.0000,  0.0000,  0.0000,  1.0000]]])
2025-04-23T17:10:45.420193 - Final transform:
[[-0.08 -1.   -0.02  0.01]
 [-0.62  0.06 -0.78 -0.07]
 [ 0.78 -0.05 -0.62  0.75]
 [ 0.    0.    0.    1.  ]]
2025-04-23T17:10:45.420193 - Pose:
tensor([[[-0.0818, -0.9965, -0.0160,  0.0138],
         [-0.6206,  0.0635, -0.7815, -0.0806],
         [ 0.7798, -0.0540, -0.6237,  0.7420],
         [ 0.0000,  0.0000,  0.0000,  1.0000]]])
2025-04-23T17:10:45.491912 - Final transform:
[[-0.07 -1.   -0.02  0.01]
 [-0.62  0.05 -0.79 -0.07]
 [ 0.79 -0.04 -0.62  0.75]
 [ 0.    0.    0.    1.  ]]
2025-04-23T17:10:45.491912 - Pose:
tensor([[[-0.0653, -0.9977, -0.0164,  0.0135],
         [-0.6154,  0.0532, -0.7865, -0.0805],
         [ 0.7855, -0.0413, -0.6174,  0.7423],
         [ 0.0000,  0.0000,  0.0000,  1.0000]]])
2025-04-23T17:10:45.560780 - Final transform:
[[-0.07 -1.   -0.02  0.01]
 [-0.62  0.06 -0.78 -0.07]
 [ 0.78 -0.04 -0.62  0.75]
 [ 0.    0.    0.    1.  ]]
2025-04-23T17:10:45.560780 - Pose:
tensor([[[-0.0672, -0.9976, -0.0171,  0.0138],
         [-0.6201,  0.0552, -0.7826, -0.0805],
         [ 0.7817, -0.0420, -0.6223,  0.7427],
         [ 0.0000,  0.0000,  0.0000,  1.0000]]])
2025-04-23T17:10:45.633434 - Final transform:
[[-0.08 -1.   -0.01  0.01]
 [-0.62  0.06 -0.79 -0.07]
 [ 0.78 -0.06 -0.62  0.75]
 [ 0.    0.    0.    1.  ]]
2025-04-23T17:10:45.633434 - Pose:
tensor([[[-0.0816, -0.9966, -0.0144,  0.0138],
         [-0.6150,  0.0617, -0.7861, -0.0803],
         [ 0.7843, -0.0553, -0.6180,  0.7427],
         [ 0.0000,  0.0000,  0.0000,  1.0000]]])
2025-04-23T17:10:45.701454 - Final transform:
[[-0.09 -1.   -0.01  0.01]
 [-0.62  0.07 -0.78 -0.07]
 [ 0.78 -0.06 -0.62  0.75]
 [ 0.    0.    0.    1.  ]]
2025-04-23T17:10:45.701454 - Pose:
tensor([[[-0.0909, -0.9958, -0.0138,  0.0137],
         [-0.6159,  0.0671, -0.7850, -0.0806],
         [ 0.7826, -0.0628, -0.6194,  0.7424],
         [ 0.0000,  0.0000,  0.0000,  1.0000]]])
2025-04-23T17:10:45.768841 - Final transform:
[[-0.09 -1.   -0.01  0.01]
 [-0.61  0.06 -0.79 -0.07]
 [ 0.78 -0.06 -0.62  0.75]
 [ 0.    0.    0.    1.  ]]
2025-04-23T17:10:45.768841 - Pose:
tensor([[[-0.0881, -0.9961, -0.0098,  0.0136],
         [-0.6141,  0.0620, -0.7868, -0.0805],
         [ 0.7843, -0.0633, -0.6172,  0.7425],
         [ 0.0000,  0.0000,  0.0000,  1.0000]]])
2025-04-23T17:10:45.835354 - Final transform:
[[-0.09 -1.   -0.01  0.01]
 [-0.62  0.06 -0.78 -0.07]
 [ 0.78 -0.06 -0.62  0.75]
 [ 0.    0.    0.    1.  ]]
2025-04-23T17:10:45.835354 - Pose:
tensor([[[-0.0885, -0.9960, -0.0128,  0.0138],
         [-0.6169,  0.0649, -0.7844, -0.0802],
         [ 0.7821, -0.0615, -0.6201,  0.7425],
         [ 0.0000,  0.0000,  0.0000,  1.0000]]])
2025-04-23T17:10:45.903164 - Final transform:
[[-0.08 -1.   -0.02  0.01]
 [-0.62  0.06 -0.78 -0.07]
 [ 0.78 -0.06 -0.63  0.75]
 [ 0.    0.    0.    1.  ]]
2025-04-23T17:10:45.903164 - Pose:
tensor([[[-0.0844, -0.9963, -0.0157,  0.0139],
         [-0.6219,  0.0650, -0.7804, -0.0805],
         [ 0.7786, -0.0561, -0.6251,  0.7425],
         [ 0.0000,  0.0000,  0.0000,  1.0000]]])
2025-04-23T17:10:45.970001 - Final transform:
[[-0.08 -1.   -0.02  0.01]
 [-0.62  0.06 -0.78 -0.07]
 [ 0.78 -0.06 -0.62  0.75]
 [ 0.    0.    0.    1.  ]]
2025-04-23T17:10:45.970001 - Pose:
tensor([[[-0.0841, -0.9963, -0.0155,  0.0139],
         [-0.6179,  0.0644, -0.7836, -0.0804],
         [ 0.7817, -0.0563, -0.6211,  0.7432],
         [ 0.0000,  0.0000,  0.0000,  1.0000]]])
2025-04-23T17:10:46.038355 - Final transform:
[[-0.09 -1.   -0.01  0.01]
 [-0.62  0.06 -0.79 -0.07]
 [ 0.78 -0.06 -0.62  0.75]
 [ 0.    0.    0.    1.  ]]
2025-04-23T17:10:46.038355 - Pose:
tensor([[[-0.0875, -0.9961, -0.0121,  0.0137],
         [-0.6156,  0.0636, -0.7855, -0.0806],
         [ 0.7832, -0.0613, -0.6188,  0.7427],
         [ 0.0000,  0.0000,  0.0000,  1.0000]]])
2025-04-23T17:10:46.102941 - Final transform:
[[-0.07 -1.   -0.02  0.01]
 [-0.62  0.06 -0.78 -0.07]
 [ 0.78 -0.05 -0.62  0.75]
 [ 0.    0.    0.    1.  ]]
2025-04-23T17:10:46.102941 - Pose:
tensor([[[-0.0731, -0.9972, -0.0168,  0.0137],
         [-0.6188,  0.0586, -0.7834, -0.0804],
         [ 0.7821, -0.0469, -0.6214,  0.7426],
         [ 0.0000,  0.0000,  0.0000,  1.0000]]])
2025-04-23T17:10:46.168061 - Final transform:
[[-0.07 -1.   -0.02  0.01]
 [-0.62  0.06 -0.78 -0.07]
 [ 0.78 -0.05 -0.62  0.75]
 [ 0.    0.    0.    1.  ]]
2025-04-23T17:10:46.168061 - Pose:
tensor([[[-0.0731, -0.9972, -0.0168,  0.0141],
         [-0.6204,  0.0587, -0.7821, -0.0804],
         [ 0.7809, -0.0468, -0.6229,  0.7423],
         [ 0.0000,  0.0000,  0.0000,  1.0000]]])
2025-04-23T17:10:46.240369 - Final transform:
[[-0.09 -1.   -0.02  0.01]
 [-0.62  0.07 -0.78 -0.07]
 [ 0.78 -0.06 -0.62  0.75]
 [ 0.    0.    0.    1.  ]]
2025-04-23T17:10:46.240369 - Pose:
tensor([[[-0.0912, -0.9957, -0.0179,  0.0140],
         [-0.6189,  0.0707, -0.7823, -0.0804],
         [ 0.7802, -0.0603, -0.6227,  0.7426],
         [ 0.0000,  0.0000,  0.0000,  1.0000]]])
2025-04-23T17:10:46.308790 - Final transform:
[[-0.09 -1.   -0.02  0.01]
 [-0.62  0.07 -0.78 -0.07]
 [ 0.78 -0.06 -0.62  0.75]
 [ 0.    0.    0.    1.  ]]
2025-04-23T17:10:46.308790 - Pose:
tensor([[[-0.0894, -0.9959, -0.0164,  0.0140],
         [-0.6174,  0.0683, -0.7837, -0.0804],
         [ 0.7816, -0.0599, -0.6209,  0.7425],
         [ 0.0000,  0.0000,  0.0000,  1.0000]]])
2025-04-23T17:10:46.383285 - Final transform:
[[-0.09 -1.   -0.01  0.01]
 [-0.62  0.07 -0.78 -0.07]
 [ 0.78 -0.06 -0.62  0.75]
 [ 0.    0.    0.    1.  ]]
2025-04-23T17:10:46.383285 - Pose:
tensor([[[-0.0921, -0.9956, -0.0141,  0.0139],
         [-0.6202,  0.0684, -0.7815, -0.0808],
         [ 0.7790, -0.0633, -0.6238,  0.7423],
         [ 0.0000,  0.0000,  0.0000,  1.0000]]])
2025-04-23T17:10:46.446530 - Final transform:
[[-0.07 -1.   -0.02  0.01]
 [-0.62  0.06 -0.78 -0.07]
 [ 0.78 -0.05 -0.62  0.75]
 [ 0.    0.    0.    1.  ]]
2025-04-23T17:10:46.446530 - Pose:
tensor([[[-0.0725, -0.9972, -0.0181,  0.0139],
         [-0.6179,  0.0592, -0.7840, -0.0806],
         [ 0.7829, -0.0457, -0.6205,  0.7428],
         [ 0.0000,  0.0000,  0.0000,  1.0000]]])
2025-04-23T17:10:46.507192 - Final transform:
[[-0.08 -1.   -0.01  0.01]
 [-0.62  0.06 -0.78 -0.07]
 [ 0.78 -0.05 -0.62  0.75]
 [ 0.    0.    0.    1.  ]]
2025-04-23T17:10:46.507192 - Pose:
tensor([[[-0.0799, -0.9967, -0.0123,  0.0139],
         [-0.6195,  0.0593, -0.7828, -0.0807],
         [ 0.7810, -0.0549, -0.6222,  0.7422],
         [ 0.0000,  0.0000,  0.0000,  1.0000]]])
2025-04-23T17:10:46.571946 - Final transform:
[[-0.1  -0.99 -0.01  0.01]
 [-0.62  0.07 -0.78 -0.07]
 [ 0.78 -0.07 -0.62  0.75]
 [ 0.    0.    0.    1.  ]]
2025-04-23T17:10:46.571946 - Pose:
tensor([[[-0.1001, -0.9949, -0.0141,  0.0137],
         [-0.6166,  0.0731, -0.7839, -0.0807],
         [ 0.7809, -0.0698, -0.6207,  0.7423],
         [ 0.0000,  0.0000,  0.0000,  1.0000]]])
2025-04-23T17:10:46.636504 - Final transform:
[[-0.1  -0.99 -0.01  0.01]
 [-0.62  0.07 -0.78 -0.07]
 [ 0.78 -0.07 -0.63  0.75]
 [ 0.    0.    0.    1.  ]]
2025-04-23T17:10:46.636504 - Pose:
tensor([[[-0.1048, -0.9944, -0.0111,  0.0137],
         [-0.6208,  0.0742, -0.7804, -0.0808],
         [ 0.7769, -0.0749, -0.6252,  0.7423],
         [ 0.0000,  0.0000,  0.0000,  1.0000]]])
2025-04-23T17:10:46.699601 - Final transform:
[[-0.1  -0.99 -0.01  0.01]
 [-0.62  0.08 -0.78 -0.07]
 [ 0.78 -0.07 -0.62  0.75]
 [ 0.    0.    0.    1.  ]]
2025-04-23T17:10:46.699601 - Pose:
tensor([[[-0.1035, -0.9945, -0.0143,  0.0139],
         [-0.6190,  0.0757, -0.7817, -0.0808],
         [ 0.7785, -0.0720, -0.6235,  0.7420],
         [ 0.0000,  0.0000,  0.0000,  1.0000]]])
2025-04-23T17:10:46.763308 - Final transform:
[[-0.06 -1.   -0.02  0.01]
 [-0.61  0.05 -0.79 -0.07]
 [ 0.79 -0.04 -0.62  0.75]
 [ 0.    0.    0.    1.  ]]
2025-04-23T17:10:46.763308 - Pose:
tensor([[[-0.0591, -0.9981, -0.0179,  0.0137],
         [-0.6149,  0.0505, -0.7870, -0.0805],
         [ 0.7864, -0.0355, -0.6167,  0.7433],
         [ 0.0000,  0.0000,  0.0000,  1.0000]]])
2025-04-23T17:10:46.827410 - Final transform:
[[-0.09 -1.   -0.01  0.01]
 [-0.62  0.06 -0.78 -0.07]
 [ 0.78 -0.06 -0.62  0.75]
 [ 0.    0.    0.    1.  ]]
2025-04-23T17:10:46.827410 - Pose:
tensor([[[-0.0858, -0.9962, -0.0131,  0.0137],
         [-0.6176,  0.0634, -0.7840, -0.0807],
         [ 0.7818, -0.0592, -0.6207,  0.7421],
         [ 0.0000,  0.0000,  0.0000,  1.0000]]])
2025-04-23T17:10:46.891426 - Final transform:
[[-0.09 -1.   -0.01  0.01]
 [-0.61  0.06 -0.79 -0.07]
 [ 0.79 -0.06 -0.61  0.75]
 [ 0.    0.    0.    1.  ]]
2025-04-23T17:10:46.891426 - Pose:
tensor([[[-0.0874, -0.9961, -0.0124,  0.0136],
         [-0.6118,  0.0635, -0.7885, -0.0805],
         [ 0.7862, -0.0613, -0.6150,  0.7426],
         [ 0.0000,  0.0000,  0.0000,  1.0000]]])
2025-04-23T17:10:46.955916 - Final transform:
[[-0.09 -1.   -0.01  0.01]
 [-0.62  0.07 -0.78 -0.07]
 [ 0.78 -0.06 -0.62  0.75]
 [ 0.    0.    0.    1.  ]]
2025-04-23T17:10:46.955916 - Pose:
tensor([[[-0.0944, -0.9954, -0.0150,  0.0137],
         [-0.6197,  0.0705, -0.7817, -0.0810],
         [ 0.7791, -0.0645, -0.6235,  0.7419],
         [ 0.0000,  0.0000,  0.0000,  1.0000]]])
2025-04-23T17:10:47.020106 - Final transform:
[[-0.1  -1.   -0.01  0.01]
 [-0.62  0.07 -0.78 -0.07]
 [ 0.78 -0.07 -0.62  0.75]
 [ 0.    0.    0.    1.  ]]
2025-04-23T17:10:47.020106 - Pose:
tensor([[[-0.0951, -0.9954, -0.0147,  0.0137],
         [-0.6194,  0.0707, -0.7819, -0.0809],
         [ 0.7793, -0.0653, -0.6233,  0.7424],
         [ 0.0000,  0.0000,  0.0000,  1.0000]]])
2025-04-23T17:10:47.083503 - Final transform:
[[-0.09 -1.   -0.02  0.01]
 [-0.62  0.07 -0.79 -0.07]
 [ 0.78 -0.06 -0.62  0.75]
 [ 0.    0.    0.    1.  ]]
2025-04-23T17:10:47.083503 - Pose:
tensor([[[-0.0890, -0.9959, -0.0169,  0.0137],
         [-0.6155,  0.0683, -0.7852, -0.0805],
         [ 0.7831, -0.0594, -0.6190,  0.7423],
         [ 0.0000,  0.0000,  0.0000,  1.0000]]])
2025-04-23T17:10:47.146607 - Final transform:
[[-0.09 -1.   -0.01  0.01]
 [-0.62  0.06 -0.78 -0.07]
 [ 0.78 -0.06 -0.62  0.75]
 [ 0.    0.    0.    1.  ]]
2025-04-23T17:10:47.146607 - Pose:
tensor([[[-0.0868, -0.9962, -0.0117,  0.0136],
         [-0.6175,  0.0630, -0.7841, -0.0807],
         [ 0.7818, -0.0608, -0.6206,  0.7431],
         [ 0.0000,  0.0000,  0.0000,  1.0000]]])
2025-04-23T17:10:47.213179 - Final transform:
[[-0.1  -0.99 -0.01  0.01]
 [-0.62  0.08 -0.78 -0.07]
 [ 0.78 -0.07 -0.63  0.75]
 [ 0.    0.    0.    1.  ]]
2025-04-23T17:10:47.213179 - Pose:
tensor([[[-0.1045, -0.9944, -0.0126,  0.0138],
         [-0.6224,  0.0752, -0.7791, -0.0810],
         [ 0.7757, -0.0735, -0.6268,  0.7425],
         [ 0.0000,  0.0000,  0.0000,  1.0000]]])
2025-04-23T17:10:47.281501 - Final transform:
[[-0.08 -1.   -0.01  0.01]
 [-0.62  0.06 -0.78 -0.07]
 [ 0.78 -0.05 -0.62  0.75]
 [ 0.    0.    0.    1.  ]]
2025-04-23T17:10:47.281501 - Pose:
tensor([[[-0.0760, -0.9970, -0.0136,  0.0136],
         [-0.6213,  0.0580, -0.7814, -0.0808],
         [ 0.7799, -0.0509, -0.6239,  0.7425],
         [ 0.0000,  0.0000,  0.0000,  1.0000]]])
2025-04-23T17:10:47.354644 - Final transform:
[[-0.09 -1.   -0.02  0.01]
 [-0.62  0.07 -0.78 -0.07]
 [ 0.78 -0.06 -0.62  0.75]
 [ 0.    0.    0.    1.  ]]
2025-04-23T17:10:47.354644 - Pose:
tensor([[[-0.0940, -0.9954, -0.0156,  0.0137],
         [-0.6196,  0.0708, -0.7817, -0.0806],
         [ 0.7793, -0.0638, -0.6234,  0.7423],
         [ 0.0000,  0.0000,  0.0000,  1.0000]]])
2025-04-23T17:10:47.422271 - Final transform:
[[-0.1  -1.   -0.01  0.01]
 [-0.62  0.07 -0.78 -0.07]
 [ 0.78 -0.07 -0.62  0.75]
 [ 0.    0.    0.    1.  ]]
2025-04-23T17:10:47.422271 - Pose:
tensor([[[-0.0964, -0.9952, -0.0140,  0.0137],
         [-0.6206,  0.0711, -0.7809, -0.0809],
         [ 0.7782, -0.0666, -0.6245,  0.7426],
         [ 0.0000,  0.0000,  0.0000,  1.0000]]])
2025-04-23T17:10:47.488553 - Final transform:
[[-0.1  -1.   -0.01  0.01]
 [-0.62  0.07 -0.78 -0.07]
 [ 0.78 -0.07 -0.62  0.75]
 [ 0.    0.    0.    1.  ]]
2025-04-23T17:10:47.488553 - Pose:
tensor([[[-0.0960, -0.9953, -0.0116,  0.0137],
         [-0.6179,  0.0687, -0.7833, -0.0808],
         [ 0.7804, -0.0680, -0.6216,  0.7428],
         [ 0.0000,  0.0000,  0.0000,  1.0000]]])
2025-04-23T17:10:47.557951 - Final transform:
[[-0.1  -0.99 -0.01  0.01]
 [-0.62  0.07 -0.78 -0.07]
 [ 0.78 -0.07 -0.62  0.75]
 [ 0.    0.    0.    1.  ]]
2025-04-23T17:10:47.557951 - Pose:
tensor([[[-0.1016, -0.9948, -0.0115,  0.0137],
         [-0.6181,  0.0721, -0.7828, -0.0806],
         [ 0.7795, -0.0724, -0.6222,  0.7428],
         [ 0.0000,  0.0000,  0.0000,  1.0000]]])
2025-04-23T17:10:47.621815 - Final transform:
[[-0.1  -0.99 -0.01  0.01]
 [-0.62  0.07 -0.78 -0.07]
 [ 0.78 -0.07 -0.63  0.75]
 [ 0.    0.    0.    1.  ]]
2025-04-23T17:10:47.621815 - Pose:
tensor([[[-0.1013, -0.9948, -0.0090,  0.0137],
         [-0.6223,  0.0704, -0.7796, -0.0809],
         [ 0.7762, -0.0734, -0.6262,  0.7427],
         [ 0.0000,  0.0000,  0.0000,  1.0000]]])
2025-04-23T17:10:47.688096 - Final transform:
[[-0.11 -0.99 -0.01  0.01]
 [-0.62  0.07 -0.78 -0.07]
 [ 0.78 -0.08 -0.62  0.75]
 [ 0.    0.    0.    1.  ]]
2025-04-23T17:10:47.688096 - Pose:
tensor([[[-0.1056, -0.9944, -0.0079,  0.0137],
         [-0.6202,  0.0721, -0.7811, -0.0808],
         [ 0.7773, -0.0776, -0.6243,  0.7426],
         [ 0.0000,  0.0000,  0.0000,  1.0000]]])
2025-04-23T17:10:47.753110 - Final transform:
[[-0.09 -1.   -0.01  0.01]
 [-0.62  0.06 -0.79 -0.07]
 [ 0.78 -0.06 -0.62  0.75]
 [ 0.    0.    0.    1.  ]]
2025-04-23T17:10:47.753110 - Pose:
tensor([[[-0.0856, -0.9962, -0.0128,  0.0137],
         [-0.6152,  0.0630, -0.7858, -0.0803],
         [ 0.7837, -0.0594, -0.6183,  0.7425],
         [ 0.0000,  0.0000,  0.0000,  1.0000]]])
2025-04-23T17:10:47.818269 - Final transform:
[[-0.1  -1.   -0.02  0.01]
 [-0.61  0.07 -0.79 -0.07]
 [ 0.79 -0.07 -0.62  0.75]
 [ 0.    0.    0.    1.  ]]
2025-04-23T17:10:47.818269 - Pose:
tensor([[[-0.0958, -0.9953, -0.0154,  0.0138],
         [-0.6119,  0.0710, -0.7878, -0.0803],
         [ 0.7852, -0.0660, -0.6158,  0.7432],
         [ 0.0000,  0.0000,  0.0000,  1.0000]]])
2025-04-23T17:10:47.883060 - Final transform:
[[-0.1  -0.99 -0.01  0.01]
 [-0.62  0.07 -0.78 -0.07]
 [ 0.78 -0.08 -0.62  0.75]
 [ 0.    0.    0.    1.  ]]
2025-04-23T17:10:47.883060 - Pose:
tensor([[[-0.1046, -0.9945, -0.0110,  0.0136],
         [-0.6178,  0.0736, -0.7829, -0.0810],
         [ 0.7794, -0.0750, -0.6220,  0.7421],
         [ 0.0000,  0.0000,  0.0000,  1.0000]]])
2025-04-23T17:10:47.949444 - Final transform:
[[-0.1  -1.   -0.01  0.01]
 [-0.62  0.07 -0.78 -0.07]
 [ 0.78 -0.07 -0.62  0.75]
 [ 0.    0.    0.    1.  ]]
2025-04-23T17:10:47.949444 - Pose:
tensor([[[-0.0966, -0.9952, -0.0138,  0.0137],
         [-0.6155,  0.0706, -0.7849, -0.0806],
         [ 0.7822, -0.0674, -0.6194,  0.7422],
         [ 0.0000,  0.0000,  0.0000,  1.0000]]])
2025-04-23T17:10:48.014248 - Final transform:
[[-0.11 -0.99 -0.01  0.01]
 [-0.62  0.07 -0.78 -0.07]
 [ 0.78 -0.07 -0.62  0.75]
 [ 0.    0.    0.    1.  ]]
2025-04-23T17:10:48.014248 - Pose:
tensor([[[-0.1051, -0.9944, -0.0124,  0.0136],
         [-0.6168,  0.0750, -0.7836, -0.0807],
         [ 0.7801, -0.0747, -0.6212,  0.7424],
         [ 0.0000,  0.0000,  0.0000,  1.0000]]])
2025-04-23T17:10:48.082005 - Final transform:
[[-0.07 -1.   -0.01  0.01]
 [-0.62  0.06 -0.78 -0.07]
 [ 0.78 -0.05 -0.62  0.75]
 [ 0.    0.    0.    1.  ]]
2025-04-23T17:10:48.082005 - Pose:
tensor([[[-0.0718, -0.9973, -0.0143,  0.0135],
         [-0.6221,  0.0560, -0.7809, -0.0804],
         [ 0.7796, -0.0472, -0.6244,  0.7429],
         [ 0.0000,  0.0000,  0.0000,  1.0000]]])
2025-04-23T17:10:48.147705 - Final transform:
[[-0.07 -1.   -0.02  0.01]
 [-0.62  0.05 -0.79 -0.07]
 [ 0.78 -0.04 -0.62  0.75]
 [ 0.    0.    0.    1.  ]]
2025-04-23T17:10:48.147705 - Pose:
tensor([[[-0.0683, -0.9975, -0.0160,  0.0135],
         [-0.6169,  0.0548, -0.7851, -0.0802],
         [ 0.7841, -0.0437, -0.6191,  0.7428],
         [ 0.0000,  0.0000,  0.0000,  1.0000]]])
2025-04-23T17:10:48.210748 - Final transform:
[[-0.08 -1.   -0.01  0.01]
 [-0.62  0.06 -0.78 -0.07]
 [ 0.78 -0.06 -0.63  0.75]
 [ 0.    0.    0.    1.  ]]
2025-04-23T17:10:48.210748 - Pose:
tensor([[[-0.0820, -0.9965, -0.0128,  0.0138],
         [-0.6247,  0.0614, -0.7784, -0.0811],
         [ 0.7765, -0.0559, -0.6276,  0.7422],
         [ 0.0000,  0.0000,  0.0000,  1.0000]]])
2025-04-23T17:10:48.275852 - Final transform:
[[-0.08 -1.   -0.02  0.01]
 [-0.61  0.06 -0.79 -0.07]
 [ 0.79 -0.05 -0.62  0.75]
 [ 0.    0.    0.    1.  ]]
2025-04-23T17:10:48.275852 - Pose:
tensor([[[-0.0755, -0.9969, -0.0199,  0.0137],
         [-0.6140,  0.0622, -0.7868, -0.0805],
         [ 0.7857, -0.0472, -0.6169,  0.7430],
         [ 0.0000,  0.0000,  0.0000,  1.0000]]])
2025-04-23T17:10:48.341274 - Final transform:
[[-0.07 -1.   -0.02  0.01]
 [-0.62  0.05 -0.78 -0.07]
 [ 0.78 -0.04 -0.62  0.75]
 [ 0.    0.    0.    1.  ]]
2025-04-23T17:10:48.341274 - Pose:
tensor([[[-0.0683, -0.9975, -0.0154,  0.0138],
         [-0.6174,  0.0544, -0.7847, -0.0805],
         [ 0.7837, -0.0442, -0.6196,  0.7424],
         [ 0.0000,  0.0000,  0.0000,  1.0000]]])
2025-04-23T17:10:48.403766 - Final transform:
[[-0.1  -0.99 -0.01  0.01]
 [-0.62  0.07 -0.78 -0.07]
 [ 0.78 -0.07 -0.62  0.75]
 [ 0.    0.    0.    1.  ]]
2025-04-23T17:10:48.403766 - Pose:
tensor([[[-0.1035, -0.9946, -0.0115,  0.0135],
         [-0.6178,  0.0733, -0.7829, -0.0809],
         [ 0.7795, -0.0739, -0.6220,  0.7421],
         [ 0.0000,  0.0000,  0.0000,  1.0000]]])
2025-04-23T17:10:48.471504 - Final transform:
[[-0.08 -1.   -0.02  0.01]
 [-0.62  0.06 -0.78 -0.07]
 [ 0.78 -0.06 -0.62  0.75]
 [ 0.    0.    0.    1.  ]]
2025-04-23T17:10:48.471504 - Pose:
tensor([[[-0.0840, -0.9963, -0.0152,  0.0140],
         [-0.6210,  0.0643, -0.7812, -0.0807],
         [ 0.7793, -0.0562, -0.6241,  0.7421],
         [ 0.0000,  0.0000,  0.0000,  1.0000]]])
2025-04-23T17:10:48.533732 - Final transform:
[[-0.09 -1.   -0.02  0.01]
 [-0.61  0.07 -0.79 -0.07]
 [ 0.79 -0.06 -0.62  0.75]
 [ 0.    0.    0.    1.  ]]
2025-04-23T17:10:48.533732 - Pose:
tensor([[[-0.0856, -0.9962, -0.0174,  0.0138],
         [-0.6130,  0.0664, -0.7873, -0.0803],
         [ 0.7854, -0.0567, -0.6164,  0.7432],
         [ 0.0000,  0.0000,  0.0000,  1.0000]]])
2025-04-23T17:10:48.599214 - Final transform:
[[-0.11 -0.99 -0.01  0.01]
 [-0.62  0.08 -0.78 -0.07]
 [ 0.78 -0.08 -0.62  0.75]
 [ 0.    0.    0.    1.  ]]
2025-04-23T17:10:48.599214 - Pose:
tensor([[[-0.1118, -0.9937, -0.0095,  0.0138],
         [-0.6186,  0.0771, -0.7819, -0.0809],
         [ 0.7777, -0.0816, -0.6233,  0.7418],
         [ 0.0000,  0.0000,  0.0000,  1.0000]]])
2025-04-23T17:10:48.666542 - Final transform:
[[-0.09 -1.   -0.01  0.01]
 [-0.62  0.07 -0.78 -0.07]
 [ 0.78 -0.06 -0.62  0.75]
 [ 0.    0.    0.    1.  ]]
2025-04-23T17:10:48.666542 - Pose:
tensor([[[-0.0911, -0.9958, -0.0108,  0.0137],
         [-0.6180,  0.0650, -0.7835, -0.0806],
         [ 0.7809, -0.0647, -0.6213,  0.7421],
         [ 0.0000,  0.0000,  0.0000,  1.0000]]])
2025-04-23T17:10:48.737218 - Final transform:
[[-0.09 -1.   -0.02  0.01]
 [-0.61  0.07 -0.79 -0.07]
 [ 0.79 -0.06 -0.62  0.75]
 [ 0.    0.    0.    1.  ]]
2025-04-23T17:10:48.737218 - Pose:
tensor([[[-0.0889, -0.9959, -0.0160,  0.0139],
         [-0.6125,  0.0673, -0.7876, -0.0803],
         [ 0.7854, -0.0603, -0.6160,  0.7430],
         [ 0.0000,  0.0000,  0.0000,  1.0000]]])
2025-04-23T17:10:48.802825 - Final transform:
[[-0.1  -1.   -0.01  0.01]
 [-0.61  0.07 -0.79 -0.07]
 [ 0.78 -0.07 -0.62  0.75]
 [ 0.    0.    0.    1.  ]]
2025-04-23T17:10:48.802825 - Pose:
tensor([[[-0.0973, -0.9952, -0.0126,  0.0137],
         [-0.6143,  0.0700, -0.7859, -0.0805],
         [ 0.7830, -0.0687, -0.6182,  0.7426],
         [ 0.0000,  0.0000,  0.0000,  1.0000]]])
2025-04-23T17:10:48.866960 - Final transform:
[[-0.09 -1.   -0.02  0.01]
 [-0.62  0.07 -0.78 -0.07]
 [ 0.78 -0.06 -0.63  0.75]
 [ 0.    0.    0.    1.  ]]
2025-04-23T17:10:48.866960 - Pose:
tensor([[[-0.0933, -0.9955, -0.0158,  0.0138],
         [-0.6221,  0.0707, -0.7798, -0.0810],
         [ 0.7774, -0.0629, -0.6259,  0.7425],
         [ 0.0000,  0.0000,  0.0000,  1.0000]]])
2025-04-23T17:10:48.930784 - Final transform:
[[-0.07 -1.   -0.01  0.01]
 [-0.62  0.05 -0.78 -0.07]
 [ 0.78 -0.04 -0.62  0.75]
 [ 0.    0.    0.    1.  ]]
2025-04-23T17:10:48.930784 - Pose:
tensor([[[-0.0677, -0.9976, -0.0141,  0.0140],
         [-0.6186,  0.0530, -0.7839, -0.0807],
         [ 0.7828, -0.0443, -0.6207,  0.7425],
         [ 0.0000,  0.0000,  0.0000,  1.0000]]])
2025-04-23T17:10:48.994155 - Final transform:
[[-0.11 -0.99 -0.01  0.01]
 [-0.62  0.08 -0.78 -0.07]
 [ 0.78 -0.08 -0.62  0.75]
 [ 0.    0.    0.    1.  ]]
2025-04-23T17:10:48.994155 - Pose:
tensor([[[-0.1090, -0.9940, -0.0127,  0.0137],
         [-0.6195,  0.0779, -0.7811, -0.0810],
         [ 0.7774, -0.0772, -0.6243,  0.7421],
         [ 0.0000,  0.0000,  0.0000,  1.0000]]])
2025-04-23T17:10:49.058171 - Final transform:
[[-0.09 -1.   -0.01  0.01]
 [-0.62  0.07 -0.78 -0.07]
 [ 0.78 -0.06 -0.62  0.75]
 [ 0.    0.    0.    1.  ]]
2025-04-23T17:10:49.058171 - Pose:
tensor([[[-0.0928, -0.9956, -0.0146,  0.0136],
         [-0.6191,  0.0692, -0.7822, -0.0807],
         [ 0.7798, -0.0635, -0.6228,  0.7426],
         [ 0.0000,  0.0000,  0.0000,  1.0000]]])
2025-04-23T17:10:49.121442 - Final transform:
[[-0.11 -0.99 -0.01  0.01]
 [-0.62  0.08 -0.78 -0.07]
 [ 0.78 -0.07 -0.62  0.75]
 [ 0.    0.    0.    1.  ]]
2025-04-23T17:10:49.121442 - Pose:
tensor([[[-0.1059, -0.9943, -0.0126,  0.0136],
         [-0.6196,  0.0759, -0.7813, -0.0809],
         [ 0.7778, -0.0750, -0.6241,  0.7418],
         [ 0.0000,  0.0000,  0.0000,  1.0000]]])
2025-04-23T17:10:49.182660 - Final transform:
[[-0.08 -1.   -0.02  0.01]
 [-0.61  0.06 -0.79 -0.07]
 [ 0.78 -0.05 -0.62  0.75]
 [ 0.    0.    0.    1.  ]]
2025-04-23T17:10:49.182660 - Pose:
tensor([[[-0.0821, -0.9965, -0.0182,  0.0134],
         [-0.6144,  0.0650, -0.7863, -0.0803],
         [ 0.7847, -0.0534, -0.6175,  0.7426],
         [ 0.0000,  0.0000,  0.0000,  1.0000]]])
2025-04-23T17:10:49.246713 - Final transform:
[[-0.06 -1.   -0.02  0.01]
 [-0.62  0.05 -0.78 -0.07]
 [ 0.78 -0.03 -0.62  0.75]
 [ 0.    0.    0.    1.  ]]
2025-04-23T17:10:49.246713 - Pose:
tensor([[[-0.0566, -0.9982, -0.0214,  0.0139],
         [-0.6182,  0.0519, -0.7843, -0.0803],
         [ 0.7840, -0.0311, -0.6200,  0.7426],
         [ 0.0000,  0.0000,  0.0000,  1.0000]]])
2025-04-23T17:10:49.311132 - Final transform:
[[-0.11 -0.99 -0.01  0.01]
 [-0.62  0.08 -0.78 -0.07]
 [ 0.78 -0.08 -0.62  0.75]
 [ 0.    0.    0.    1.  ]]
2025-04-23T17:10:49.311132 - Pose:
tensor([[[-0.1072, -0.9942, -0.0124,  0.0137],
         [-0.6202,  0.0766, -0.7807, -0.0809],
         [ 0.7771, -0.0760, -0.6248,  0.7425],
         [ 0.0000,  0.0000,  0.0000,  1.0000]]])
2025-04-23T17:10:49.374466 - Final transform:
[[-0.11 -0.99 -0.01  0.01]
 [-0.62  0.08 -0.78 -0.07]
 [ 0.78 -0.08 -0.63  0.75]
 [ 0.    0.    0.    1.  ]]
2025-04-23T17:10:49.374466 - Pose:
tensor([[[-0.1091, -0.9940, -0.0116,  0.0138],
         [-0.6204,  0.0772, -0.7804, -0.0810],
         [ 0.7766, -0.0779, -0.6251,  0.7421],
         [ 0.0000,  0.0000,  0.0000,  1.0000]]])
2025-04-23T17:10:49.437745 - Final transform:
[[-0.1  -1.   -0.01  0.01]
 [-0.62  0.07 -0.78 -0.07]
 [ 0.78 -0.07 -0.62  0.75]
 [ 0.    0.    0.    1.  ]]
2025-04-23T17:10:49.437745 - Pose:
tensor([[[-0.0957, -0.9953, -0.0145,  0.0138],
         [-0.6184,  0.0709, -0.7827, -0.0807],
         [ 0.7800, -0.0660, -0.6223,  0.7428],
         [ 0.0000,  0.0000,  0.0000,  1.0000]]])
2025-04-23T17:10:49.500805 - Final transform:
[[-0.1  -1.   -0.01  0.01]
 [-0.61  0.07 -0.79 -0.07]
 [ 0.79 -0.07 -0.61  0.75]
 [ 0.    0.    0.    1.  ]]
2025-04-23T17:10:49.500805 - Pose:
tensor([[[-0.0960, -0.9953, -0.0140,  0.0138],
         [-0.6097,  0.0699, -0.7895, -0.0803],
         [ 0.7868, -0.0673, -0.6135,  0.7432],
         [ 0.0000,  0.0000,  0.0000,  1.0000]]])
2025-04-23T17:10:49.562622 - Final transform:
[[-0.1  -0.99 -0.01  0.01]
 [-0.62  0.07 -0.78 -0.07]
 [ 0.78 -0.07 -0.62  0.75]
 [ 0.    0.    0.    1.  ]]
2025-04-23T17:10:49.562622 - Pose:
tensor([[[-0.0993, -0.9950, -0.0116,  0.0136],
         [-0.6185,  0.0709, -0.7826, -0.0805],
         [ 0.7795, -0.0706, -0.6225,  0.7430],
         [ 0.0000,  0.0000,  0.0000,  1.0000]]])
2025-04-23T17:10:49.628142 - Final transform:
[[-0.08 -1.   -0.02  0.01]
 [-0.62  0.06 -0.79 -0.07]
 [ 0.78 -0.05 -0.62  0.75]
 [ 0.    0.    0.    1.  ]]
2025-04-23T17:10:49.628142 - Pose:
tensor([[[-0.0765, -0.9969, -0.0186,  0.0138],
         [-0.6160,  0.0619, -0.7853, -0.0802],
         [ 0.7840, -0.0486, -0.6188,  0.7429],
         [ 0.0000,  0.0000,  0.0000,  1.0000]]])
2025-04-23T17:10:49.693480 - Final transform:
[[-0.05 -1.   -0.02  0.01]
 [-0.62  0.04 -0.78 -0.07]
 [ 0.78 -0.03 -0.62  0.75]
 [ 0.    0.    0.    1.  ]]
2025-04-23T17:10:49.693480 - Pose:
tensor([[[-0.0502, -0.9986, -0.0173,  0.0141],
         [-0.6190,  0.0447, -0.7841, -0.0807],
         [ 0.7838, -0.0287, -0.6204,  0.7420],
         [ 0.0000,  0.0000,  0.0000,  1.0000]]])
2025-04-23T17:10:49.758655 - Final transform:
[[-0.11 -0.99 -0.01  0.01]
 [-0.62  0.07 -0.78 -0.07]
 [ 0.78 -0.08 -0.62  0.75]
 [ 0.    0.    0.    1.  ]]
2025-04-23T17:10:49.758655 - Pose:
tensor([[[-0.1055, -0.9944, -0.0114,  0.0136],
         [-0.6169,  0.0745, -0.7835, -0.0805],
         [ 0.7799, -0.0756, -0.6213,  0.7427],
         [ 0.0000,  0.0000,  0.0000,  1.0000]]])
2025-04-23T17:10:49.833302 - Final transform:
[[-0.08 -1.   -0.01  0.01]
 [-0.62  0.06 -0.78 -0.07]
 [ 0.78 -0.06 -0.62  0.75]
 [ 0.    0.    0.    1.  ]]
2025-04-23T17:10:49.833302 - Pose:
tensor([[[-0.0824, -0.9965, -0.0142,  0.0139],
         [-0.6211,  0.0625, -0.7813, -0.0806],
         [ 0.7794, -0.0556, -0.6240,  0.7430],
         [ 0.0000,  0.0000,  0.0000,  1.0000]]])
2025-04-23T17:10:49.899981 - Final transform:
[[-0.08 -1.   -0.02  0.01]
 [-0.62  0.07 -0.78 -0.07]
 [ 0.78 -0.06 -0.62  0.75]
 [ 0.    0.    0.    1.  ]]
2025-04-23T17:10:49.899981 - Pose:
tensor([[[-0.0842, -0.9963, -0.0166,  0.0140],
         [-0.6191,  0.0654, -0.7826, -0.0807],
         [ 0.7808, -0.0556, -0.6223,  0.7427],
         [ 0.0000,  0.0000,  0.0000,  1.0000]]])
2025-04-23T17:10:49.977672 - Final transform:
[[-0.11 -0.99 -0.01  0.01]
 [-0.62  0.08 -0.78 -0.07]
 [ 0.78 -0.08 -0.63  0.75]
 [ 0.    0.    0.    1.  ]]
2025-04-23T17:10:49.977672 - Pose:
tensor([[[-0.1081, -0.9940, -0.0133,  0.0138],
         [-0.6209,  0.0779, -0.7800, -0.0809],
         [ 0.7764, -0.0761, -0.6256,  0.7425],
         [ 0.0000,  0.0000,  0.0000,  1.0000]]])
2025-04-23T17:10:50.059517 - Final transform:
[[-0.09 -1.   -0.01  0.01]
 [-0.61  0.07 -0.79 -0.07]
 [ 0.79 -0.06 -0.62  0.75]
 [ 0.    0.    0.    1.  ]]
2025-04-23T17:10:50.059517 - Pose:
tensor([[[-0.0882, -0.9960, -0.0145,  0.0137],
         [-0.6125,  0.0657, -0.7877, -0.0805],
         [ 0.7855, -0.0606, -0.6159,  0.7424],
         [ 0.0000,  0.0000,  0.0000,  1.0000]]])
2025-04-23T17:10:50.125353 - Final transform:
[[-0.07 -1.   -0.02  0.01]
 [-0.61  0.06 -0.79 -0.07]
 [ 0.79 -0.04 -0.62  0.75]
 [ 0.    0.    0.    1.  ]]
2025-04-23T17:10:50.125353 - Pose:
tensor([[[-0.0704, -0.9973, -0.0204,  0.0137],
         [-0.6132,  0.0594, -0.7877, -0.0803],
         [ 0.7868, -0.0430, -0.6157,  0.7428],
         [ 0.0000,  0.0000,  0.0000,  1.0000]]])
2025-04-23T17:10:50.187381 - Final transform:
[[-0.09 -1.   -0.01  0.01]
 [-0.61  0.07 -0.79 -0.07]
 [ 0.78 -0.06 -0.62  0.75]
 [ 0.    0.    0.    1.  ]]
2025-04-23T17:10:50.187381 - Pose:
tensor([[[-0.0926, -0.9956, -0.0134,  0.0138],
         [-0.6133,  0.0676, -0.7870, -0.0803],
         [ 0.7844, -0.0646, -0.6169,  0.7431],
         [ 0.0000,  0.0000,  0.0000,  1.0000]]])
2025-04-23T17:10:50.251568 - Final transform:
[[-0.09 -1.   -0.02  0.01]
 [-0.62  0.07 -0.78 -0.07]
 [ 0.78 -0.06 -0.62  0.75]
 [ 0.    0.    0.    1.  ]]
2025-04-23T17:10:50.251568 - Pose:
tensor([[[-0.0913, -0.9957, -0.0159,  0.0138],
         [-0.6194,  0.0693, -0.7820, -0.0806],
         [ 0.7798, -0.0615, -0.6230,  0.7423],
         [ 0.0000,  0.0000,  0.0000,  1.0000]]])
2025-04-23T17:10:50.315137 - Final transform:
[[-0.08 -1.   -0.02  0.01]
 [-0.63  0.07 -0.78 -0.07]
 [ 0.77 -0.05 -0.63  0.75]
 [ 0.    0.    0.    1.  ]]
2025-04-23T17:10:50.315137 - Pose:
tensor([[[-0.0813, -0.9965, -0.0200,  0.0142],
         [-0.6276,  0.0668, -0.7756, -0.0809],
         [ 0.7742, -0.0505, -0.6309,  0.7426],
         [ 0.0000,  0.0000,  0.0000,  1.0000]]])
2025-04-23T17:10:50.379089 - Final transform:
[[-0.02 -1.   -0.03  0.01]
 [-0.63  0.03 -0.78 -0.07]
 [ 0.78  0.   -0.63  0.75]
 [ 0.    0.    0.    1.  ]]
2025-04-23T17:10:50.379089 - Pose:
tensor([[[-0.0161, -0.9995, -0.0267,  0.0143],
         [-0.6283,  0.0309, -0.7774, -0.0802],
         [ 0.7778,  0.0042, -0.6284,  0.7421],
         [ 0.0000,  0.0000,  0.0000,  1.0000]]])
2025-04-23T17:10:50.448309 - Final transform:
[[ 0.11 -0.99 -0.03  0.02]
 [-0.66 -0.05 -0.75 -0.07]
 [ 0.74  0.11 -0.66  0.74]
 [ 0.    0.    0.    1.  ]]
2025-04-23T17:10:50.448309 - Pose:
tensor([[[ 0.1130, -0.9931, -0.0306,  0.0154],
         [-0.6575, -0.0517, -0.7517, -0.0774],
         [ 0.7449,  0.1051, -0.6588,  0.7382],
         [ 0.0000,  0.0000,  0.0000,  1.0000]]])
2025-04-23T17:10:50.513120 - Final transform:
[[ 0.1  -0.99 -0.04  0.02]
 [-0.73 -0.05 -0.68 -0.07]
 [ 0.68  0.09 -0.73  0.74]
 [ 0.    0.    0.    1.  ]]
2025-04-23T17:10:50.513120 - Pose:
tensor([[[ 0.0952, -0.9948, -0.0357,  0.0152],
         [-0.7298, -0.0454, -0.6822, -0.0732],
         [ 0.6770,  0.0910, -0.7303,  0.7321],
         [ 0.0000,  0.0000,  0.0000,  1.0000]]])
2025-04-23T17:10:50.578110 - Final transform:
[[ 0.11 -0.99 -0.05  0.01]
 [-0.83 -0.06 -0.55 -0.06]
 [ 0.54  0.1  -0.83  0.73]
 [ 0.    0.    0.    1.  ]]
2025-04-23T17:10:50.578110 - Pose:
tensor([[[ 0.1065, -0.9930, -0.0517,  0.0140],
         [-0.8338, -0.0608, -0.5487, -0.0652],
         [ 0.5417,  0.1016, -0.8344,  0.7240],
         [ 0.0000,  0.0000,  0.0000,  1.0000]]])
2025-04-23T17:10:50.644171 - Final transform:
[[ 0.19 -0.98 -0.1   0.01]
 [-0.91 -0.14 -0.39 -0.05]
 [ 0.36  0.17 -0.92  0.72]
 [ 0.    0.    0.    1.  ]]
2025-04-23T17:10:50.644171 - Pose:
tensor([[[ 0.1931, -0.9757, -0.1040,  0.0102],
         [-0.9121, -0.1394, -0.3854, -0.0532],
         [ 0.3615,  0.1693, -0.9169,  0.7138],
         [ 0.0000,  0.0000,  0.0000,  1.0000]]])
2025-04-23T17:10:50.707539 - Final transform:
[[ 0.19 -0.95 -0.25  0.  ]
 [-0.98 -0.2   0.05 -0.03]
 [-0.1   0.23 -0.97  0.72]
 [ 0.    0.    0.    1.  ]]
2025-04-23T17:10:50.707539 - Pose:
tensor([[[ 0.1859, -0.9502, -0.2499,  0.0023],
         [-0.9775, -0.2046,  0.0508, -0.0274],
         [-0.0994,  0.2349, -0.9669,  0.7102],
         [ 0.0000,  0.0000,  0.0000,  1.0000]]])
2025-04-23T17:10:50.771530 - Final transform:
[[-0.   -0.95 -0.31 -0.  ]
 [-0.84 -0.17  0.52  0.  ]
 [-0.55  0.26 -0.8   0.73]
 [ 0.    0.    0.    1.  ]]
2025-04-23T17:10:50.771530 - Pose:
tensor([[[-0.0039, -0.9514, -0.3079, -0.0049],
         [-0.8377, -0.1651,  0.5206,  0.0064],
         [-0.5462,  0.2600, -0.7963,  0.7269],
         [ 0.0000,  0.0000,  0.0000,  1.0000]]])
2025-04-23T17:10:50.836088 - Final transform:
[[-0.08 -0.92 -0.38 -0.01]
 [-0.69 -0.22  0.68  0.02]
 [-0.71  0.32 -0.62  0.72]
 [ 0.    0.    0.    1.  ]]
2025-04-23T17:10:50.836088 - Pose:
tensor([[[-0.0806, -0.9206, -0.3821, -0.0172],
         [-0.6948, -0.2229,  0.6838,  0.0259],
         [-0.7146,  0.3206, -0.6217,  0.7133],
         [ 0.0000,  0.0000,  0.0000,  1.0000]]])
2025-04-23T17:10:50.900004 - Final transform:
[[-0.03 -0.93 -0.38 -0.01]
 [-0.7  -0.25  0.67  0.02]
 [-0.72  0.28 -0.64  0.72]
 [ 0.    0.    0.    1.  ]]
2025-04-23T17:10:50.900004 - Pose:
tensor([[[-0.0303, -0.9263, -0.3757, -0.0179],
         [-0.6954, -0.2504,  0.6735,  0.0294],
         [-0.7179,  0.2817, -0.6366,  0.7162],
         [ 0.0000,  0.0000,  0.0000,  1.0000]]])
2025-04-23T17:10:50.963721 - Final transform:
[[-0.04 -0.93 -0.37 -0.01]
 [-0.7  -0.24  0.67  0.02]
 [-0.71  0.29 -0.64  0.72]
 [ 0.    0.    0.    1.  ]]
2025-04-23T17:10:50.963721 - Pose:
tensor([[[-0.0369, -0.9264, -0.3747, -0.0178],
         [-0.6990, -0.2440,  0.6722,  0.0292],
         [-0.7142,  0.2867, -0.6385,  0.7171],
         [ 0.0000,  0.0000,  0.0000,  1.0000]]])
2025-04-23T17:10:51.029030 - Final transform:
[[-0.04 -0.93 -0.37 -0.01]
 [-0.69 -0.25  0.68  0.02]
 [-0.72  0.28 -0.63  0.72]
 [ 0.    0.    0.    1.  ]]
2025-04-23T17:10:51.029030 - Pose:
tensor([[[-0.0356, -0.9265, -0.3746, -0.0177],
         [-0.6942, -0.2467,  0.6761,  0.0292],
         [-0.7189,  0.2841, -0.6344,  0.7170],
         [ 0.0000,  0.0000,  0.0000,  1.0000]]])
2025-04-23T17:10:51.091494 - Final transform:
[[-0.03 -0.93 -0.38 -0.01]
 [-0.69 -0.25  0.67  0.02]
 [-0.72  0.28 -0.63  0.72]
 [ 0.    0.    0.    1.  ]]
2025-04-23T17:10:51.091494 - Pose:
tensor([[[-0.0293, -0.9261, -0.3761, -0.0178],
         [-0.6936, -0.2521,  0.6748,  0.0295],
         [-0.7197,  0.2807, -0.6350,  0.7170],
         [ 0.0000,  0.0000,  0.0000,  1.0000]]])
2025-04-23T17:10:51.155894 - Final transform:
[[-0.03 -0.93 -0.38 -0.01]
 [-0.69 -0.25  0.68  0.02]
 [-0.72  0.28 -0.63  0.72]
 [ 0.    0.    0.    1.  ]]
2025-04-23T17:10:51.155894 - Pose:
tensor([[[-0.0344, -0.9257, -0.3766, -0.0179],
         [-0.6914, -0.2501,  0.6778,  0.0294],
         [-0.7216,  0.2837, -0.6315,  0.7175],
         [ 0.0000,  0.0000,  0.0000,  1.0000]]])
2025-04-23T17:10:51.220984 - Final transform:
[[-0.03 -0.93 -0.38 -0.01]
 [-0.69 -0.25  0.67  0.02]
 [-0.72  0.28 -0.63  0.72]
 [ 0.    0.    0.    1.  ]]
2025-04-23T17:10:51.220984 - Pose:
tensor([[[-0.0314, -0.9255, -0.3775, -0.0178],
         [-0.6943, -0.2515,  0.6743,  0.0293],
         [-0.7190,  0.2832, -0.6347,  0.7169],
         [ 0.0000,  0.0000,  0.0000,  1.0000]]])
2025-04-23T17:10:51.288192 - Final transform:
[[-0.04 -0.93 -0.38 -0.01]
 [-0.7  -0.24  0.67  0.02]
 [-0.72  0.29 -0.64  0.72]
 [ 0.    0.    0.    1.  ]]
2025-04-23T17:10:51.288192 - Pose:
tensor([[[-0.0385, -0.9256, -0.3766, -0.0179],
         [-0.6977, -0.2450,  0.6732,  0.0294],
         [-0.7154,  0.2887, -0.6363,  0.7174],
         [ 0.0000,  0.0000,  0.0000,  1.0000]]])
2025-04-23T17:10:51.352294 - Final transform:
[[-0.04 -0.93 -0.38 -0.01]
 [-0.7  -0.24  0.67  0.02]
 [-0.72  0.29 -0.64  0.72]
 [ 0.    0.    0.    1.  ]]
2025-04-23T17:10:51.352294 - Pose:
tensor([[[-0.0391, -0.9260, -0.3754, -0.0178],
         [-0.6967, -0.2441,  0.6745,  0.0294],
         [-0.7163,  0.2879, -0.6357,  0.7167],
         [ 0.0000,  0.0000,  0.0000,  1.0000]]])
2025-04-23T17:10:51.418217 - Final transform:
[[-0.04 -0.93 -0.37 -0.01]
 [-0.7  -0.24  0.67  0.02]
 [-0.71  0.29 -0.64  0.72]
 [ 0.    0.    0.    1.  ]]
2025-04-23T17:10:51.418217 - Pose:
tensor([[[-0.0384, -0.9269, -0.3732, -0.0178],
         [-0.6995, -0.2418,  0.6725,  0.0295],
         [-0.7136,  0.2869, -0.6391,  0.7164],
         [ 0.0000,  0.0000,  0.0000,  1.0000]]])
2025-04-23T17:10:51.481173 - Final transform:
[[-0.04 -0.93 -0.38 -0.01]
 [-0.7  -0.24  0.67  0.02]
 [-0.71  0.29 -0.64  0.72]
 [ 0.    0.    0.    1.  ]]
2025-04-23T17:10:51.481173 - Pose:
tensor([[[-0.0424, -0.9259, -0.3754, -0.0180],
         [-0.6982, -0.2413,  0.6741,  0.0296],
         [-0.7147,  0.2906, -0.6362,  0.7174],
         [ 0.0000,  0.0000,  0.0000,  1.0000]]])
2025-04-23T17:10:51.547954 - Final transform:
[[-0.02 -0.93 -0.38 -0.01]
 [-0.69 -0.26  0.68  0.02]
 [-0.72  0.28 -0.63  0.72]
 [ 0.    0.    0.    1.  ]]
2025-04-23T17:10:51.547954 - Pose:
tensor([[[-0.0248, -0.9266, -0.3752, -0.0179],
         [-0.6915, -0.2551,  0.6758,  0.0293],
         [-0.7219,  0.2763, -0.6344,  0.7177],
         [ 0.0000,  0.0000,  0.0000,  1.0000]]])
2025-04-23T17:10:51.613918 - Final transform:
[[-0.04 -0.93 -0.38 -0.01]
 [-0.69 -0.25  0.68  0.02]
 [-0.72  0.29 -0.63  0.72]
 [ 0.    0.    0.    1.  ]]
2025-04-23T17:10:51.613918 - Pose:
tensor([[[-0.0367, -0.9257, -0.3765, -0.0178],
         [-0.6936, -0.2476,  0.6764,  0.0295],
         [-0.7194,  0.2859, -0.6330,  0.7176],
         [ 0.0000,  0.0000,  0.0000,  1.0000]]])
2025-04-23T17:10:51.679328 - Final transform:
[[-0.05 -0.92 -0.38 -0.01]
 [-0.7  -0.24  0.68  0.02]
 [-0.72  0.3  -0.63  0.72]
 [ 0.    0.    0.    1.  ]]
2025-04-23T17:10:51.679328 - Pose:
tensor([[[-0.0491, -0.9248, -0.3773, -0.0179],
         [-0.6963, -0.2391,  0.6767,  0.0294],
         [-0.7161,  0.2960, -0.6322,  0.7177],
         [ 0.0000,  0.0000,  0.0000,  1.0000]]])
2025-04-23T17:10:51.747296 - Final transform:
[[-0.04 -0.93 -0.38 -0.01]
 [-0.69 -0.25  0.68  0.02]
 [-0.72  0.29 -0.63  0.72]
 [ 0.    0.    0.    1.  ]]
2025-04-23T17:10:51.747296 - Pose:
tensor([[[-0.0367, -0.9258, -0.3762, -0.0180],
         [-0.6941, -0.2472,  0.6761,  0.0294],
         [-0.7190,  0.2859, -0.6335,  0.7178],
         [ 0.0000,  0.0000,  0.0000,  1.0000]]])
2025-04-23T17:10:51.813381 - Final transform:
[[-0.03 -0.93 -0.37 -0.01]
 [-0.7  -0.25  0.67  0.02]
 [-0.72  0.28 -0.64  0.72]
 [ 0.    0.    0.    1.  ]]
2025-04-23T17:10:51.813381 - Pose:
tensor([[[-0.0312, -0.9266, -0.3746, -0.0179],
         [-0.6967, -0.2486,  0.6729,  0.0293],
         [-0.7167,  0.2820, -0.6378,  0.7179],
         [ 0.0000,  0.0000,  0.0000,  1.0000]]])
2025-04-23T17:10:51.877372 - Final transform:
[[-0.03 -0.93 -0.37 -0.01]
 [-0.69 -0.25  0.68  0.02]
 [-0.72  0.28 -0.64  0.72]
 [ 0.    0.    0.    1.  ]]
2025-04-23T17:10:51.877372 - Pose:
tensor([[[-0.0350, -0.9265, -0.3746, -0.0179],
         [-0.6950, -0.2468,  0.6753,  0.0294],
         [-0.7182,  0.2839, -0.6353,  0.7175],
         [ 0.0000,  0.0000,  0.0000,  1.0000]]])
2025-04-23T17:10:51.944885 - Final transform:
[[-0.04 -0.93 -0.38 -0.01]
 [-0.7  -0.24  0.67  0.02]
 [-0.72  0.29 -0.64  0.72]
 [ 0.    0.    0.    1.  ]]
2025-04-23T17:10:51.944885 - Pose:
tensor([[[-0.0384, -0.9260, -0.3756, -0.0177],
         [-0.6963, -0.2448,  0.6747,  0.0294],
         [-0.7167,  0.2875, -0.6354,  0.7173],
         [ 0.0000,  0.0000,  0.0000,  1.0000]]])
2025-04-23T17:10:52.018344 - Final transform:
[[-0.04 -0.93 -0.38 -0.01]
 [-0.7  -0.25  0.68  0.02]
 [-0.72  0.29 -0.63  0.72]
 [ 0.    0.    0.    1.  ]]
2025-04-23T17:10:52.018344 - Pose:
tensor([[[-0.0390, -0.9259, -0.3758, -0.0179],
         [-0.6950, -0.2450,  0.6759,  0.0294],
         [-0.7179,  0.2876, -0.6340,  0.7176],
         [ 0.0000,  0.0000,  0.0000,  1.0000]]])
2025-04-23T17:10:52.091195 - Final transform:
[[-0.04 -0.93 -0.38 -0.01]
 [-0.7  -0.25  0.67  0.02]
 [-0.72  0.29 -0.64  0.72]
 [ 0.    0.    0.    1.  ]]
2025-04-23T17:10:52.091195 - Pose:
tensor([[[-0.0363, -0.9254, -0.3773, -0.0179],
         [-0.6966, -0.2473,  0.6735,  0.0294],
         [-0.7166,  0.2873, -0.6356,  0.7178],
         [ 0.0000,  0.0000,  0.0000,  1.0000]]])
2025-04-23T17:10:52.163771 - Final transform:
[[-0.03 -0.93 -0.38 -0.01]
 [-0.7  -0.25  0.67  0.02]
 [-0.72  0.28 -0.64  0.72]
 [ 0.    0.    0.    1.  ]]
2025-04-23T17:10:52.163771 - Pose:
tensor([[[-0.0325, -0.9254, -0.3775, -0.0179],
         [-0.6955, -0.2503,  0.6735,  0.0294],
         [-0.7178,  0.2844, -0.6355,  0.7173],
         [ 0.0000,  0.0000,  0.0000,  1.0000]]])
2025-04-23T17:10:52.231740 - Final transform:
[[-0.04 -0.93 -0.38 -0.01]
 [-0.7  -0.25  0.67  0.02]
 [-0.72  0.29 -0.64  0.72]
 [ 0.    0.    0.    1.  ]]
2025-04-23T17:10:52.231740 - Pose:
tensor([[[-0.0370, -0.9260, -0.3757, -0.0178],
         [-0.6980, -0.2451,  0.6729,  0.0292],
         [-0.7152,  0.2871, -0.6372,  0.7173],
         [ 0.0000,  0.0000,  0.0000,  1.0000]]])
2025-04-23T17:10:52.297727 - Final transform:
[[-0.04 -0.93 -0.37 -0.01]
 [-0.7  -0.25  0.68  0.02]
 [-0.72  0.28 -0.64  0.72]
 [ 0.    0.    0.    1.  ]]
2025-04-23T17:10:52.297727 - Pose:
tensor([[[-0.0353, -0.9268, -0.3738, -0.0180],
         [-0.6955, -0.2458,  0.6752,  0.0295],
         [-0.7176,  0.2838, -0.6360,  0.7182],
         [ 0.0000,  0.0000,  0.0000,  1.0000]]])
2025-04-23T17:10:52.363754 - Final transform:
[[-0.03 -0.93 -0.37 -0.01]
 [-0.69 -0.25  0.67  0.02]
 [-0.72  0.28 -0.64  0.72]
 [ 0.    0.    0.    1.  ]]
2025-04-23T17:10:52.363754 - Pose:
tensor([[[-0.0324, -0.9270, -0.3737, -0.0179],
         [-0.6950, -0.2479,  0.6749,  0.0296],
         [-0.7183,  0.2816, -0.6362,  0.7177],
         [ 0.0000,  0.0000,  0.0000,  1.0000]]])
2025-04-23T17:10:52.429328 - Final transform:
[[-0.03 -0.93 -0.37 -0.01]
 [-0.7  -0.25  0.67  0.02]
 [-0.72  0.28 -0.64  0.72]
 [ 0.    0.    0.    1.  ]]
2025-04-23T17:10:52.429328 - Pose:
tensor([[[-0.0288, -0.9271, -0.3737, -0.0179],
         [-0.6957, -0.2499,  0.6735,  0.0295],
         [-0.7178,  0.2793, -0.6378,  0.7176],
         [ 0.0000,  0.0000,  0.0000,  1.0000]]])
2025-04-23T17:10:52.494262 - Final transform:
[[-0.04 -0.93 -0.37 -0.01]
 [-0.7  -0.24  0.67  0.02]
 [-0.71  0.29 -0.64  0.72]
 [ 0.    0.    0.    1.  ]]
2025-04-23T17:10:52.494262 - Pose:
tensor([[[-0.0370, -0.9264, -0.3748, -0.0181],
         [-0.6985, -0.2442,  0.6726,  0.0295],
         [-0.7146,  0.2867, -0.6381,  0.7175],
         [ 0.0000,  0.0000,  0.0000,  1.0000]]])
2025-04-23T17:10:52.560019 - Final transform:
[[-0.04 -0.93 -0.38 -0.01]
 [-0.7  -0.24  0.67  0.02]
 [-0.71  0.29 -0.64  0.72]
 [ 0.    0.    0.    1.  ]]
2025-04-23T17:10:52.560019 - Pose:
tensor([[[-0.0399, -0.9259, -0.3756, -0.0180],
         [-0.6986, -0.2429,  0.6730,  0.0294],
         [-0.7144,  0.2892, -0.6372,  0.7172],
         [ 0.0000,  0.0000,  0.0000,  1.0000]]])
2025-04-23T17:10:52.624802 - Final transform:
[[-0.03 -0.93 -0.37 -0.01]
 [-0.7  -0.25  0.67  0.02]
 [-0.72  0.28 -0.64  0.72]
 [ 0.    0.    0.    1.  ]]
2025-04-23T17:10:52.624802 - Pose:
tensor([[[-0.0271, -0.9269, -0.3743, -0.0179],
         [-0.6967, -0.2510,  0.6720,  0.0293],
         [-0.7168,  0.2791, -0.6390,  0.7169],
         [ 0.0000,  0.0000,  0.0000,  1.0000]]])
2025-04-23T17:10:52.692666 - Final transform:
[[-0.04 -0.93 -0.38 -0.01]
 [-0.7  -0.24  0.67  0.02]
 [-0.71  0.29 -0.64  0.72]
 [ 0.    0.    0.    1.  ]]
2025-04-23T17:10:52.692666 - Pose:
tensor([[[-0.0412, -0.9260, -0.3752, -0.0179],
         [-0.6985, -0.2418,  0.6735,  0.0293],
         [-0.7144,  0.2898, -0.6369,  0.7174],
         [ 0.0000,  0.0000,  0.0000,  1.0000]]])
2025-04-23T17:10:52.756792 - Final transform:
[[-0.03 -0.93 -0.38 -0.01]
 [-0.69 -0.25  0.67  0.02]
 [-0.72  0.28 -0.64  0.72]
 [ 0.    0.    0.    1.  ]]
2025-04-23T17:10:52.756792 - Pose:
tensor([[[-0.0312, -0.9263, -0.3754, -0.0180],
         [-0.6949, -0.2498,  0.6743,  0.0295],
         [-0.7185,  0.2819, -0.6359,  0.7179],
         [ 0.0000,  0.0000,  0.0000,  1.0000]]])
2025-04-23T17:10:52.820837 - Final transform:
[[-0.03 -0.93 -0.38 -0.01]
 [-0.7  -0.25  0.67  0.02]
 [-0.72  0.28 -0.64  0.72]
 [ 0.    0.    0.    1.  ]]
2025-04-23T17:10:52.820837 - Pose:
tensor([[[-0.0336, -0.9261, -0.3758, -0.0179],
         [-0.6964, -0.2480,  0.6734,  0.0295],
         [-0.7169,  0.2844, -0.6366,  0.7174],
         [ 0.0000,  0.0000,  0.0000,  1.0000]]])
2025-04-23T17:10:52.885990 - Final transform:
[[-0.03 -0.93 -0.37 -0.01]
 [-0.7  -0.25  0.67  0.02]
 [-0.72  0.28 -0.64  0.72]
 [ 0.    0.    0.    1.  ]]
2025-04-23T17:10:52.885990 - Pose:
tensor([[[-0.0288, -0.9268, -0.3743, -0.0178],
         [-0.6952, -0.2505,  0.6737,  0.0294],
         [-0.7182,  0.2797, -0.6372,  0.7174],
         [ 0.0000,  0.0000,  0.0000,  1.0000]]])
2025-04-23T17:10:52.949751 - Final transform:
[[-0.03 -0.93 -0.37 -0.01]
 [-0.69 -0.25  0.68  0.02]
 [-0.72  0.28 -0.64  0.72]
 [ 0.    0.    0.    1.  ]]
2025-04-23T17:10:52.949751 - Pose:
tensor([[[-0.0299, -0.9267, -0.3747, -0.0178],
         [-0.6935, -0.2507,  0.6754,  0.0294],
         [-0.7198,  0.2800, -0.6352,  0.7171],
         [ 0.0000,  0.0000,  0.0000,  1.0000]]])
2025-04-23T17:10:53.014758 - Final transform:
[[-0.04 -0.93 -0.38 -0.01]
 [-0.7  -0.24  0.67  0.02]
 [-0.71  0.29 -0.64  0.72]
 [ 0.    0.    0.    1.  ]]
2025-04-23T17:10:53.014758 - Pose:
tensor([[[-0.0392, -0.9254, -0.3770, -0.0179],
         [-0.6984, -0.2445,  0.6727,  0.0294],
         [-0.7147,  0.2896, -0.6367,  0.7175],
         [ 0.0000,  0.0000,  0.0000,  1.0000]]])
2025-04-23T17:10:53.079194 - Final transform:
[[-0.03 -0.93 -0.38 -0.01]
 [-0.69 -0.25  0.67  0.02]
 [-0.72  0.28 -0.64  0.72]
 [ 0.    0.    0.    1.  ]]
2025-04-23T17:10:53.079194 - Pose:
tensor([[[-0.0308, -0.9261, -0.3760, -0.0179],
         [-0.6950, -0.2505,  0.6740,  0.0294],
         [-0.7184,  0.2821, -0.6359,  0.7174],
         [ 0.0000,  0.0000,  0.0000,  1.0000]]])
2025-04-23T17:10:53.143733 - Final transform:
[[-0.03 -0.93 -0.38 -0.01]
 [-0.7  -0.25  0.67  0.02]
 [-0.72  0.28 -0.64  0.72]
 [ 0.    0.    0.    1.  ]]
2025-04-23T17:10:53.143733 - Pose:
tensor([[[-0.0309, -0.9260, -0.3762, -0.0179],
         [-0.6969, -0.2499,  0.6722,  0.0292],
         [-0.7165,  0.2829, -0.6377,  0.7170],
         [ 0.0000,  0.0000,  0.0000,  1.0000]]])
2025-04-23T17:10:53.208892 - Final transform:
[[-0.04 -0.93 -0.37 -0.01]
 [-0.7  -0.24  0.67  0.02]
 [-0.72  0.28 -0.64  0.72]
 [ 0.    0.    0.    1.  ]]
2025-04-23T17:10:53.208892 - Pose:
tensor([[[-0.0354, -0.9270, -0.3733, -0.0178],
         [-0.6969, -0.2448,  0.6741,  0.0294],
         [-0.7163,  0.2840, -0.6374,  0.7172],
         [ 0.0000,  0.0000,  0.0000,  1.0000]]])
2025-04-23T17:10:53.274595 - Final transform:
[[-0.04 -0.93 -0.37 -0.01]
 [-0.7  -0.24  0.68  0.02]
 [-0.72  0.29 -0.64  0.72]
 [ 0.    0.    0.    1.  ]]
2025-04-23T17:10:53.274595 - Pose:
tensor([[[-0.0369, -0.9266, -0.3743, -0.0178],
         [-0.6959, -0.2450,  0.6751,  0.0293],
         [-0.7172,  0.2854, -0.6357,  0.7164],
         [ 0.0000,  0.0000,  0.0000,  1.0000]]])
2025-04-23T17:10:53.342425 - Final transform:
[[-0.03 -0.93 -0.38 -0.01]
 [-0.69 -0.25  0.68  0.02]
 [-0.72  0.28 -0.63  0.72]
 [ 0.    0.    0.    1.  ]]
2025-04-23T17:10:53.342425 - Pose:
tensor([[[-0.0307, -0.9257, -0.3769, -0.0178],
         [-0.6932, -0.2519,  0.6753,  0.0295],
         [-0.7201,  0.2820, -0.6340,  0.7173],
         [ 0.0000,  0.0000,  0.0000,  1.0000]]])
2025-04-23T17:10:53.411365 - Final transform:
[[-0.03 -0.93 -0.38 -0.01]
 [-0.7  -0.25  0.67  0.02]
 [-0.72  0.28 -0.64  0.72]
 [ 0.    0.    0.    1.  ]]
2025-04-23T17:10:53.411365 - Pose:
tensor([[[-0.0332, -0.9259, -0.3763, -0.0179],
         [-0.6959, -0.2489,  0.6736,  0.0293],
         [-0.7174,  0.2843, -0.6361,  0.7170],
         [ 0.0000,  0.0000,  0.0000,  1.0000]]])
2025-04-23T17:10:53.477667 - Final transform:
[[-0.04 -0.93 -0.38 -0.01]
 [-0.7  -0.25  0.67  0.02]
 [-0.72  0.29 -0.64  0.72]
 [ 0.    0.    0.    1.  ]]
2025-04-23T17:10:53.477667 - Pose:
tensor([[[-0.0356, -0.9259, -0.3761, -0.0179],
         [-0.6978, -0.2464,  0.6726,  0.0294],
         [-0.7154,  0.2864, -0.6373,  0.7176],
         [ 0.0000,  0.0000,  0.0000,  1.0000]]])
2025-04-23T17:10:53.542793 - Final transform:
[[-0.04 -0.93 -0.38 -0.01]
 [-0.7  -0.24  0.67  0.02]
 [-0.72  0.29 -0.64  0.72]
 [ 0.    0.    0.    1.  ]]
2025-04-23T17:10:53.542793 - Pose:
tensor([[[-0.0373, -0.9260, -0.3757, -0.0178],
         [-0.6980, -0.2449,  0.6729,  0.0294],
         [-0.7151,  0.2874, -0.6372,  0.7172],
         [ 0.0000,  0.0000,  0.0000,  1.0000]]])
2025-04-23T17:10:53.612550 - Final transform:
[[-0.03 -0.93 -0.38 -0.01]
 [-0.69 -0.25  0.67  0.02]
 [-0.72  0.28 -0.64  0.72]
 [ 0.    0.    0.    1.  ]]
2025-04-23T17:10:53.612550 - Pose:
tensor([[[-0.0308, -0.9262, -0.3758, -0.0179],
         [-0.6940, -0.2507,  0.6749,  0.0293],
         [-0.7193,  0.2816, -0.6351,  0.7173],
         [ 0.0000,  0.0000,  0.0000,  1.0000]]])
2025-04-23T17:10:53.680110 - Final transform:
[[-0.03 -0.93 -0.37 -0.01]
 [-0.69 -0.25  0.68  0.02]
 [-0.72  0.28 -0.63  0.72]
 [ 0.    0.    0.    1.  ]]
2025-04-23T17:10:53.680110 - Pose:
tensor([[[-0.0310, -0.9270, -0.3738, -0.0178],
         [-0.6932, -0.2495,  0.6762,  0.0294],
         [-0.7201,  0.2801, -0.6349,  0.7174],
         [ 0.0000,  0.0000,  0.0000,  1.0000]]])
2025-04-23T17:10:53.743899 - Final transform:
[[-0.04 -0.93 -0.38 -0.01]
 [-0.7  -0.24  0.68  0.02]
 [-0.72  0.29 -0.63  0.72]
 [ 0.    0.    0.    1.  ]]
2025-04-23T17:10:53.743899 - Pose:
tensor([[[-0.0436, -0.9257, -0.3757, -0.0179],
         [-0.6964, -0.2415,  0.6757,  0.0294],
         [-0.7163,  0.2911, -0.6342,  0.7176],
         [ 0.0000,  0.0000,  0.0000,  1.0000]]])
2025-04-23T17:10:53.808364 - Final transform:
[[-0.03 -0.93 -0.38 -0.01]
 [-0.69 -0.25  0.68  0.02]
 [-0.72  0.28 -0.63  0.72]
 [ 0.    0.    0.    1.  ]]
2025-04-23T17:10:53.808364 - Pose:
tensor([[[-0.0332, -0.9261, -0.3759, -0.0179],
         [-0.6929, -0.2497,  0.6764,  0.0293],
         [-0.7202,  0.2829, -0.6334,  0.7178],
         [ 0.0000,  0.0000,  0.0000,  1.0000]]])
2025-04-23T17:10:53.872475 - Final transform:
[[-0.03 -0.93 -0.37 -0.01]
 [-0.7  -0.25  0.67  0.02]
 [-0.72  0.28 -0.64  0.72]
 [ 0.    0.    0.    1.  ]]
2025-04-23T17:10:53.872475 - Pose:
tensor([[[-0.0283, -0.9269, -0.3742, -0.0180],
         [-0.6960, -0.2504,  0.6730,  0.0295],
         [-0.7175,  0.2795, -0.6380,  0.7171],
         [ 0.0000,  0.0000,  0.0000,  1.0000]]])
2025-04-23T17:10:53.937679 - Final transform:
[[-0.04 -0.93 -0.38 -0.01]
 [-0.7  -0.24  0.67  0.02]
 [-0.71  0.29 -0.64  0.72]
 [ 0.    0.    0.    1.  ]]
2025-04-23T17:10:53.937679 - Pose:
tensor([[[-0.0421, -0.9255, -0.3764, -0.0178],
         [-0.7001, -0.2414,  0.6720,  0.0293],
         [-0.7128,  0.2918, -0.6378,  0.7178],
         [ 0.0000,  0.0000,  0.0000,  1.0000]]])
2025-04-23T17:10:54.000812 - Final transform:
[[-0.04 -0.93 -0.37 -0.01]
 [-0.7  -0.24  0.67  0.02]
 [-0.71  0.29 -0.64  0.72]
 [ 0.    0.    0.    1.  ]]
2025-04-23T17:10:54.000812 - Pose:
tensor([[[-0.0390, -0.9268, -0.3736, -0.0178],
         [-0.7004, -0.2413,  0.6717,  0.0294],
         [-0.7127,  0.2878, -0.6397,  0.7170],
         [ 0.0000,  0.0000,  0.0000,  1.0000]]])
2025-04-23T17:10:54.067855 - Final transform:
[[-0.03 -0.93 -0.37 -0.01]
 [-0.7  -0.25  0.67  0.02]
 [-0.72  0.28 -0.64  0.72]
 [ 0.    0.    0.    1.  ]]
2025-04-23T17:10:54.067855 - Pose:
tensor([[[-0.0258, -0.9268, -0.3746, -0.0178],
         [-0.6958, -0.2524,  0.6724,  0.0293],
         [-0.7177,  0.2780, -0.6384,  0.7167],
         [ 0.0000,  0.0000,  0.0000,  1.0000]]])
2025-04-23T17:10:54.131786 - Final transform:
[[-0.03 -0.93 -0.37 -0.01]
 [-0.7  -0.25  0.67  0.02]
 [-0.72  0.28 -0.64  0.72]
 [ 0.    0.    0.    1.  ]]
2025-04-23T17:10:54.131786 - Pose:
tensor([[[-0.0333, -0.9267, -0.3742, -0.0180],
         [-0.6967, -0.2469,  0.6735,  0.0294],
         [-0.7166,  0.2831, -0.6375,  0.7174],
         [ 0.0000,  0.0000,  0.0000,  1.0000]]])
2025-04-23T17:10:54.196301 - Final transform:
[[-0.02 -0.93 -0.38 -0.01]
 [-0.7  -0.25  0.67  0.02]
 [-0.71  0.28 -0.64  0.72]
 [ 0.    0.    0.    1.  ]]
2025-04-23T17:10:54.196301 - Pose:
tensor([[[-0.0235, -0.9267, -0.3751, -0.0178],
         [-0.7013, -0.2521,  0.6668,  0.0290],
         [-0.7125,  0.2787, -0.6440,  0.7166],
         [ 0.0000,  0.0000,  0.0000,  1.0000]]])
2025-04-23T17:10:54.262242 - Final transform:
[[-0.03 -0.93 -0.37 -0.01]
 [-0.7  -0.25  0.67  0.02]
 [-0.72  0.28 -0.64  0.72]
 [ 0.    0.    0.    1.  ]]
2025-04-23T17:10:54.262242 - Pose:
tensor([[[-0.0252, -0.9271, -0.3739, -0.0179],
         [-0.6986, -0.2512,  0.6699,  0.0294],
         [-0.7150,  0.2781, -0.6414,  0.7162],
         [ 0.0000,  0.0000,  0.0000,  1.0000]]])
2025-04-23T17:10:54.325123 - Final transform:
[[-0.03 -0.93 -0.37 -0.01]
 [-0.7  -0.25  0.67  0.02]
 [-0.71  0.28 -0.64  0.72]
 [ 0.    0.    0.    1.  ]]
2025-04-23T17:10:54.325123 - Pose:
tensor([[[-0.0291, -0.9269, -0.3743, -0.0179],
         [-0.7015, -0.2478,  0.6682,  0.0293],
         [-0.7121,  0.2820, -0.6429,  0.7162],
         [ 0.0000,  0.0000,  0.0000,  1.0000]]])
2025-04-23T17:10:54.389087 - Final transform:
[[-0.03 -0.93 -0.38 -0.01]
 [-0.7  -0.25  0.67  0.02]
 [-0.72  0.28 -0.64  0.72]
 [ 0.    0.    0.    1.  ]]
2025-04-23T17:10:54.389087 - Pose:
tensor([[[-0.0257, -0.9263, -0.3759, -0.0181],
         [-0.6981, -0.2525,  0.6700,  0.0294],
         [-0.7155,  0.2796, -0.6402,  0.7166],
         [ 0.0000,  0.0000,  0.0000,  1.0000]]])
2025-04-23T17:10:54.455547 - Final transform:
[[-0.03 -0.93 -0.37 -0.01]
 [-0.7  -0.25  0.67  0.02]
 [-0.71  0.28 -0.64  0.72]
 [ 0.    0.    0.    1.  ]]
2025-04-23T17:10:54.455547 - Pose:
tensor([[[-0.0266, -0.9280, -0.3717, -0.0180],
         [-0.6989, -0.2486,  0.6707,  0.0295],
         [-0.7147,  0.2776, -0.6419,  0.7166],
         [ 0.0000,  0.0000,  0.0000,  1.0000]]])
2025-04-23T17:10:54.519436 - Final transform:
[[-0.03 -0.93 -0.37 -0.01]
 [-0.7  -0.25  0.67  0.02]
 [-0.72  0.28 -0.64  0.72]
 [ 0.    0.    0.    1.  ]]
2025-04-23T17:10:54.519436 - Pose:
tensor([[[-0.0285, -0.9266, -0.3749, -0.0180],
         [-0.6977, -0.2502,  0.6713,  0.0295],
         [-0.7158,  0.2807, -0.6394,  0.7172],
         [ 0.0000,  0.0000,  0.0000,  1.0000]]])
2025-04-23T17:10:54.583810 - Final transform:
[[-0.02 -0.93 -0.37 -0.01]
 [-0.7  -0.25  0.67  0.02]
 [-0.71  0.28 -0.64  0.72]
 [ 0.    0.    0.    1.  ]]
2025-04-23T17:10:54.583810 - Pose:
tensor([[[-0.0248, -0.9274, -0.3732, -0.0180],
         [-0.7011, -0.2500,  0.6678,  0.0293],
         [-0.7127,  0.2782, -0.6440,  0.7162],
         [ 0.0000,  0.0000,  0.0000,  1.0000]]])
2025-04-23T17:10:54.647982 - Final transform:
[[-0.03 -0.93 -0.37 -0.01]
 [-0.7  -0.25  0.67  0.02]
 [-0.71  0.28 -0.64  0.72]
 [ 0.    0.    0.    1.  ]]
2025-04-23T17:10:54.647982 - Pose:
tensor([[[-0.0332, -0.9268, -0.3741, -0.0179],
         [-0.6991, -0.2460,  0.6714,  0.0294],
         [-0.7143,  0.2838, -0.6398,  0.7176],
         [ 0.0000,  0.0000,  0.0000,  1.0000]]])
2025-04-23T17:10:54.721558 - Final transform:
[[-0.03 -0.93 -0.37 -0.01]
 [-0.69 -0.25  0.67  0.02]
 [-0.72  0.28 -0.64  0.72]
 [ 0.    0.    0.    1.  ]]
2025-04-23T17:10:54.721558 - Pose:
tensor([[[-0.0289, -0.9268, -0.3745, -0.0178],
         [-0.6943, -0.2509,  0.6745,  0.0294],
         [-0.7191,  0.2795, -0.6362,  0.7173],
         [ 0.0000,  0.0000,  0.0000,  1.0000]]])
2025-04-23T17:10:54.802612 - Final transform:
[[-0.03 -0.93 -0.38 -0.01]
 [-0.7  -0.25  0.67  0.02]
 [-0.72  0.28 -0.64  0.72]
 [ 0.    0.    0.    1.  ]]
2025-04-23T17:10:54.802612 - Pose:
tensor([[[-0.0295, -0.9263, -0.3755, -0.0179],
         [-0.6957, -0.2507,  0.6732,  0.0293],
         [-0.7178,  0.2811, -0.6370,  0.7169],
         [ 0.0000,  0.0000,  0.0000,  1.0000]]])
2025-04-23T17:10:54.865767 - Final transform:
[[-0.03 -0.93 -0.37 -0.01]
 [-0.7  -0.25  0.67  0.02]
 [-0.72  0.28 -0.64  0.72]
 [ 0.    0.    0.    1.  ]]
2025-04-23T17:10:54.865767 - Pose:
tensor([[[-0.0270, -0.9268, -0.3745, -0.0179],
         [-0.6956, -0.2517,  0.6729,  0.0294],
         [-0.7179,  0.2787, -0.6380,  0.7173],
         [ 0.0000,  0.0000,  0.0000,  1.0000]]])
2025-04-23T17:10:54.931667 - Final transform:
[[-0.03 -0.93 -0.38 -0.01]
 [-0.69 -0.25  0.67  0.02]
 [-0.72  0.28 -0.64  0.72]
 [ 0.    0.    0.    1.  ]]
2025-04-23T17:10:54.931667 - Pose:
tensor([[[-0.0312, -0.9260, -0.3761, -0.0179],
         [-0.6949, -0.2503,  0.6741,  0.0293],
         [-0.7184,  0.2824, -0.6357,  0.7171],
         [ 0.0000,  0.0000,  0.0000,  1.0000]]])
2025-04-23T17:10:55.001122 - Final transform:
[[-0.04 -0.93 -0.37 -0.01]
 [-0.69 -0.25  0.68  0.02]
 [-0.72  0.28 -0.63  0.72]
 [ 0.    0.    0.    1.  ]]
2025-04-23T17:10:55.001122 - Pose:
tensor([[[-0.0365, -0.9266, -0.3743, -0.0178],
         [-0.6941, -0.2459,  0.6766,  0.0295],
         [-0.7190,  0.2845, -0.6341,  0.7176],
         [ 0.0000,  0.0000,  0.0000,  1.0000]]])
2025-04-23T17:10:55.068949 - Final transform:
[[-0.03 -0.93 -0.37 -0.01]
 [-0.69 -0.25  0.68  0.02]
 [-0.72  0.28 -0.64  0.72]
 [ 0.    0.    0.    1.  ]]
2025-04-23T17:10:55.068949 - Pose:
tensor([[[-0.0310, -0.9267, -0.3746, -0.0179],
         [-0.6941, -0.2497,  0.6752,  0.0295],
         [-0.7192,  0.2809, -0.6355,  0.7172],
         [ 0.0000,  0.0000,  0.0000,  1.0000]]])
2025-04-23T17:10:55.135508 - Final transform:
[[-0.04 -0.93 -0.37 -0.01]
 [-0.7  -0.25  0.67  0.02]
 [-0.72  0.28 -0.64  0.72]
 [ 0.    0.    0.    1.  ]]
2025-04-23T17:10:55.135508 - Pose:
tensor([[[-0.0350, -0.9265, -0.3746, -0.0178],
         [-0.6967, -0.2461,  0.6738,  0.0292],
         [-0.7165,  0.2846, -0.6369,  0.7171],
         [ 0.0000,  0.0000,  0.0000,  1.0000]]])
2025-04-23T17:10:55.204974 - Final transform:
[[-0.04 -0.93 -0.37 -0.01]
 [-0.7  -0.25  0.68  0.02]
 [-0.72  0.28 -0.64  0.72]
 [ 0.    0.    0.    1.  ]]
2025-04-23T17:10:55.204974 - Pose:
tensor([[[-0.0358, -0.9266, -0.3744, -0.0178],
         [-0.6951, -0.2461,  0.6755,  0.0293],
         [-0.7180,  0.2844, -0.6353,  0.7175],
         [ 0.0000,  0.0000,  0.0000,  1.0000]]])
2025-04-23T17:10:55.275726 - Final transform:
[[-0.03 -0.93 -0.37 -0.01]
 [-0.7  -0.25  0.67  0.02]
 [-0.72  0.28 -0.64  0.72]
 [ 0.    0.    0.    1.  ]]
2025-04-23T17:10:55.275726 - Pose:
tensor([[[-0.0309, -0.9276, -0.3723, -0.0180],
         [-0.6951, -0.2477,  0.6749,  0.0297],
         [-0.7182,  0.2797, -0.6371,  0.7174],
         [ 0.0000,  0.0000,  0.0000,  1.0000]]])
2025-04-23T17:10:55.341640 - Final transform:
[[-0.03 -0.93 -0.38 -0.01]
 [-0.69 -0.25  0.67  0.02]
 [-0.72  0.28 -0.64  0.72]
 [ 0.    0.    0.    1.  ]]
2025-04-23T17:10:55.341640 - Pose:
tensor([[[-0.0314, -0.9265, -0.3751, -0.0180],
         [-0.6947, -0.2496,  0.6746,  0.0295],
         [-0.7186,  0.2817, -0.6358,  0.7182],
         [ 0.0000,  0.0000,  0.0000,  1.0000]]])
2025-04-23T17:10:55.408284 - Final transform:
[[-0.04 -0.93 -0.38 -0.01]
 [-0.7  -0.25  0.67  0.02]
 [-0.72  0.29 -0.64  0.72]
 [ 0.    0.    0.    1.  ]]
2025-04-23T17:10:55.408284 - Pose:
tensor([[[-0.0354, -0.9257, -0.3767, -0.0180],
         [-0.6960, -0.2476,  0.6740,  0.0295],
         [-0.7172,  0.2860, -0.6355,  0.7178],
         [ 0.0000,  0.0000,  0.0000,  1.0000]]])
2025-04-23T17:10:55.476176 - Final transform:
[[-0.04 -0.93 -0.37 -0.01]
 [-0.7  -0.24  0.67  0.02]
 [-0.71  0.29 -0.64  0.72]
 [ 0.    0.    0.    1.  ]]
2025-04-23T17:10:55.476176 - Pose:
tensor([[[-0.0444, -0.9264, -0.3739, -0.0178],
         [-0.6997, -0.2383,  0.6735,  0.0293],
         [-0.7130,  0.2915, -0.6376,  0.7175],
         [ 0.0000,  0.0000,  0.0000,  1.0000]]])
2025-04-23T17:10:55.551685 - Final transform:
[[-0.03 -0.93 -0.38 -0.01]
 [-0.7  -0.25  0.67  0.02]
 [-0.71  0.28 -0.64  0.72]
 [ 0.    0.    0.    1.  ]]
2025-04-23T17:10:55.551685 - Pose:
tensor([[[-0.0293, -0.9260, -0.3763, -0.0181],
         [-0.7007, -0.2495,  0.6685,  0.0294],
         [-0.7129,  0.2832, -0.6415,  0.7156],
         [ 0.0000,  0.0000,  0.0000,  1.0000]]])
2025-04-23T17:10:55.619451 - Final transform:
[[-0.03 -0.93 -0.37 -0.01]
 [-0.71 -0.24  0.66  0.02]
 [-0.71  0.28 -0.65  0.72]
 [ 0.    0.    0.    1.  ]]
2025-04-23T17:10:55.619451 - Pose:
tensor([[[-0.0312, -0.9272, -0.3733, -0.0179],
         [-0.7073, -0.2434,  0.6637,  0.0291],
         [-0.7062,  0.2847, -0.6482,  0.7160],
         [ 0.0000,  0.0000,  0.0000,  1.0000]]])
2025-04-23T17:10:55.685016 - Final transform:
[[-0.02 -0.93 -0.37 -0.01]
 [-0.7  -0.25  0.66  0.02]
 [-0.71  0.28 -0.65  0.72]
 [ 0.    0.    0.    1.  ]]
2025-04-23T17:10:55.685016 - Pose:
tensor([[[-0.0203, -0.9271, -0.3742, -0.0178],
         [-0.7035, -0.2527,  0.6643,  0.0288],
         [-0.7104,  0.2767, -0.6471,  0.7165],
         [ 0.0000,  0.0000,  0.0000,  1.0000]]])
2025-04-23T17:10:55.752117 - Final transform:
[[-0.03 -0.93 -0.37 -0.01]
 [-0.71 -0.24  0.66  0.02]
 [-0.71  0.29 -0.65  0.72]
 [ 0.    0.    0.    1.  ]]
2025-04-23T17:10:55.752117 - Pose:
tensor([[[-0.0326, -0.9265, -0.3750, -0.0180],
         [-0.7078, -0.2435,  0.6631,  0.0293],
         [-0.7056,  0.2870, -0.6479,  0.7158],
         [ 0.0000,  0.0000,  0.0000,  1.0000]]])
2025-04-23T17:10:55.820760 - Final transform:
[[-0.03 -0.93 -0.37 -0.01]
 [-0.71 -0.25  0.66  0.02]
 [-0.71  0.28 -0.65  0.72]
 [ 0.    0.    0.    1.  ]]
2025-04-23T17:10:55.820760 - Pose:
tensor([[[-0.0264, -0.9270, -0.3741, -0.0179],
         [-0.7077, -0.2469,  0.6619,  0.0289],
         [-0.7060,  0.2822, -0.6495,  0.7160],
         [ 0.0000,  0.0000,  0.0000,  1.0000]]])
2025-04-23T17:10:55.894572 - Final transform:
[[-0.04 -0.93 -0.37 -0.01]
 [-0.71 -0.24  0.66  0.02]
 [-0.7   0.29 -0.65  0.72]
 [ 0.    0.    0.    1.  ]]
2025-04-23T17:10:55.894572 - Pose:
tensor([[[-0.0369, -0.9266, -0.3742, -0.0179],
         [-0.7095, -0.2394,  0.6628,  0.0290],
         [-0.7038,  0.2900, -0.6486,  0.7153],
         [ 0.0000,  0.0000,  0.0000,  1.0000]]])
2025-04-23T17:10:55.958098 - Final transform:
[[-0.02 -0.93 -0.37 -0.01]
 [-0.7  -0.25  0.67  0.02]
 [-0.71  0.28 -0.65  0.72]
 [ 0.    0.    0.    1.  ]]
2025-04-23T17:10:55.958098 - Pose:
tensor([[[-0.0246, -0.9269, -0.3745, -0.0180],
         [-0.7025, -0.2505,  0.6661,  0.0292],
         [-0.7112,  0.2795, -0.6450,  0.7166],
         [ 0.0000,  0.0000,  0.0000,  1.0000]]])
2025-04-23T17:10:56.020074 - Final transform:
[[-0.03 -0.93 -0.37 -0.01]
 [-0.71 -0.25  0.66  0.02]
 [-0.71  0.28 -0.65  0.72]
 [ 0.    0.    0.    1.  ]]
2025-04-23T17:10:56.020074 - Pose:
tensor([[[-0.0268, -0.9274, -0.3730, -0.0179],
         [-0.7079, -0.2459,  0.6621,  0.0289],
         [-0.7058,  0.2818, -0.6500,  0.7153],
         [ 0.0000,  0.0000,  0.0000,  1.0000]]])
2025-04-23T17:10:56.089133 - Final transform:
[[-0.03 -0.93 -0.37 -0.01]
 [-0.7  -0.25  0.67  0.02]
 [-0.71  0.28 -0.64  0.72]
 [ 0.    0.    0.    1.  ]]
2025-04-23T17:10:56.089133 - Pose:
tensor([[[-0.0278, -0.9275, -0.3728, -0.0178],
         [-0.7020, -0.2474,  0.6678,  0.0291],
         [-0.7116,  0.2802, -0.6442,  0.7161],
         [ 0.0000,  0.0000,  0.0000,  1.0000]]])
2025-04-23T17:10:56.155044 - Final transform:
[[-0.03 -0.93 -0.37 -0.01]
 [-0.71 -0.25  0.66  0.02]
 [-0.71  0.28 -0.65  0.72]
 [ 0.    0.    0.    1.  ]]
2025-04-23T17:10:56.155044 - Pose:
tensor([[[-0.0300, -0.9269, -0.3740, -0.0180],
         [-0.7061, -0.2452,  0.6644,  0.0290],
         [-0.7075,  0.2840, -0.6471,  0.7159],
         [ 0.0000,  0.0000,  0.0000,  1.0000]]])
2025-04-23T17:10:56.220548 - Final transform:
[[-0.02 -0.93 -0.37 -0.01]
 [-0.71 -0.25  0.66  0.02]
 [-0.71  0.28 -0.65  0.72]
 [ 0.    0.    0.    1.  ]]
2025-04-23T17:10:56.220548 - Pose:
tensor([[[-0.0247, -0.9275, -0.3730, -0.0181],
         [-0.7060, -0.2480,  0.6634,  0.0289],
         [-0.7078,  0.2797, -0.6486,  0.7158],
         [ 0.0000,  0.0000,  0.0000,  1.0000]]])
2025-04-23T17:10:56.284286 - Final transform:
[[-0.03 -0.93 -0.37 -0.01]
 [-0.71 -0.24  0.67  0.02]
 [-0.71  0.29 -0.65  0.72]
 [ 0.    0.    0.    1.  ]]
2025-04-23T17:10:56.284286 - Pose:
tensor([[[-0.0336, -0.9265, -0.3747, -0.0182],
         [-0.7054, -0.2436,  0.6656,  0.0290],
         [-0.7080,  0.2867, -0.6454,  0.7155],
         [ 0.0000,  0.0000,  0.0000,  1.0000]]])
2025-04-23T17:10:56.351468 - Final transform:
[[-0.02 -0.93 -0.37 -0.01]
 [-0.7  -0.25  0.66  0.02]
 [-0.71  0.28 -0.65  0.72]
 [ 0.    0.    0.    1.  ]]
2025-04-23T17:10:56.351468 - Pose:
tensor([[[-0.0245, -0.9268, -0.3748, -0.0180],
         [-0.7038, -0.2503,  0.6648,  0.0289],
         [-0.7099,  0.2801, -0.6462,  0.7159],
         [ 0.0000,  0.0000,  0.0000,  1.0000]]])
2025-04-23T17:10:56.418847 - Final transform:
[[-0.04 -0.93 -0.37 -0.01]
 [-0.7  -0.24  0.67  0.02]
 [-0.71  0.29 -0.64  0.72]
 [ 0.    0.    0.    1.  ]]
2025-04-23T17:10:56.418847 - Pose:
tensor([[[-0.0370, -0.9271, -0.3731, -0.0178],
         [-0.7040, -0.2408,  0.6682,  0.0292],
         [-0.7093,  0.2874, -0.6437,  0.7166],
         [ 0.0000,  0.0000,  0.0000,  1.0000]]])
2025-04-23T17:10:56.486194 - Final transform:
[[-0.03 -0.93 -0.37 -0.01]
 [-0.7  -0.25  0.67  0.02]
 [-0.72  0.28 -0.64  0.72]
 [ 0.    0.    0.    1.  ]]
2025-04-23T17:10:56.486194 - Pose:
tensor([[[-0.0292, -0.9266, -0.3749, -0.0178],
         [-0.6963, -0.2502,  0.6727,  0.0291],
         [-0.7171,  0.2807, -0.6379,  0.7177],
         [ 0.0000,  0.0000,  0.0000,  1.0000]]])
2025-04-23T17:10:56.553266 - Final transform:
[[-0.03 -0.93 -0.37 -0.01]
 [-0.7  -0.25  0.67  0.02]
 [-0.71  0.28 -0.64  0.72]
 [ 0.    0.    0.    1.  ]]
2025-04-23T17:10:56.553266 - Pose:
tensor([[[-0.0302, -0.9266, -0.3747, -0.0179],
         [-0.7001, -0.2480,  0.6696,  0.0294],
         [-0.7134,  0.2825, -0.6413,  0.7171],
         [ 0.0000,  0.0000,  0.0000,  1.0000]]])
2025-04-23T17:10:56.619758 - Final transform:
[[-0.04 -0.93 -0.38 -0.01]
 [-0.69 -0.25  0.68  0.02]
 [-0.72  0.29 -0.63  0.72]
 [ 0.    0.    0.    1.  ]]
2025-04-23T17:10:56.619758 - Pose:
tensor([[[-0.0396, -0.9251, -0.3776, -0.0177],
         [-0.6926, -0.2470,  0.6777,  0.0293],
         [-0.7203,  0.2884, -0.6309,  0.7176],
         [ 0.0000,  0.0000,  0.0000,  1.0000]]])
2025-04-23T17:10:56.687810 - Final transform:
[[-0.03 -0.93 -0.38 -0.01]
 [-0.69 -0.25  0.68  0.02]
 [-0.72  0.28 -0.63  0.72]
 [ 0.    0.    0.    1.  ]]
2025-04-23T17:10:56.687810 - Pose:
tensor([[[-0.0308, -0.9256, -0.3773, -0.0178],
         [-0.6919, -0.2527,  0.6763,  0.0293],
         [-0.7213,  0.2819, -0.6327,  0.7176],
         [ 0.0000,  0.0000,  0.0000,  1.0000]]])
2025-04-23T17:10:56.754272 - Final transform:
[[-0.03 -0.93 -0.37 -0.01]
 [-0.69 -0.25  0.67  0.02]
 [-0.72  0.28 -0.64  0.72]
 [ 0.    0.    0.    1.  ]]
2025-04-23T17:10:56.754272 - Pose:
tensor([[[-0.0323, -0.9265, -0.3748, -0.0177],
         [-0.6947, -0.2488,  0.6749,  0.0294],
         [-0.7186,  0.2822, -0.6357,  0.7176],
         [ 0.0000,  0.0000,  0.0000,  1.0000]]])
2025-04-23T17:10:56.824246 - Final transform:
[[-0.03 -0.93 -0.38 -0.01]
 [-0.7  -0.25  0.67  0.02]
 [-0.72  0.28 -0.64  0.72]
 [ 0.    0.    0.    1.  ]]
2025-04-23T17:10:56.824246 - Pose:
tensor([[[-0.0350, -0.9264, -0.3750, -0.0179],
         [-0.6965, -0.2465,  0.6739,  0.0294],
         [-0.7167,  0.2848, -0.6366,  0.7180],
         [ 0.0000,  0.0000,  0.0000,  1.0000]]])
2025-04-23T17:10:56.891586 - Final transform:
[[-0.04 -0.93 -0.37 -0.01]
 [-0.7  -0.24  0.67  0.02]
 [-0.72  0.28 -0.64  0.72]
 [ 0.    0.    0.    1.  ]]
2025-04-23T17:10:56.891586 - Pose:
tensor([[[-0.0368, -0.9273, -0.3725, -0.0179],
         [-0.6970, -0.2433,  0.6745,  0.0295],
         [-0.7161,  0.2845, -0.6374,  0.7168],
         [ 0.0000,  0.0000,  0.0000,  1.0000]]])
2025-04-23T17:10:56.957024 - Final transform:
[[-0.03 -0.93 -0.37 -0.01]
 [-0.7  -0.24  0.67  0.02]
 [-0.71  0.29 -0.64  0.72]
 [ 0.    0.    0.    1.  ]]
2025-04-23T17:10:56.957024 - Pose:
tensor([[[-0.0349, -0.9269, -0.3736, -0.0179],
         [-0.7009, -0.2438,  0.6703,  0.0294],
         [-0.7124,  0.2853, -0.6412,  0.7163],
         [ 0.0000,  0.0000,  0.0000,  1.0000]]])
2025-04-23T17:10:57.023146 - Final transform:
[[-0.04 -0.93 -0.37 -0.01]
 [-0.69 -0.25  0.68  0.02]
 [-0.72  0.28 -0.63  0.72]
 [ 0.    0.    0.    1.  ]]
2025-04-23T17:10:57.023146 - Pose:
tensor([[[-0.0370, -0.9267, -0.3740, -0.0179],
         [-0.6942, -0.2454,  0.6766,  0.0294],
         [-0.7188,  0.2847, -0.6343,  0.7175],
         [ 0.0000,  0.0000,  0.0000,  1.0000]]])
